10000
2646 5927
3943 4260
4661 7354
1631 2577
6094 1966
84 4353
3971 3377
9704 3339
3453 9844
4715 387
7638 9195
3884 232
7449 4727
2751 657
2103 6417
1472 5146
9068 8329
7175 7817
5681 1905
3869 4982
5186 3875
941 7626
5075 2970
6686 423
6911 7520
5744 2024
7858 5203
566 3930
4328 2125
6579 7148
6100 325
1623 547
1957 4112
8700 753
7494 4972
1084 7479
6613 2030
2070 120
1191 3978
2848 8623
3370 6691
7583 4276
954 1812
8997 2348
8216 2846
6938 95
264 3426
7246 9741
2218 5362
5981 6099
9820 3444
2501 6746
2990 4631
6612 5058
5302 4568
9110 6141
1956 4774
7245 5982
1368 2197
1681 3396
4643 2336
139 9378
3148 8259
7852 5777
1668 9288
3891 8503
9051 8480
1135 9162
4452 1605
5122 1744
1527 4413
183 873
2711 6001
1925 3759
9139 2735
2147 6380
48 1165
975 8189
598 8863
5050 3094
8569 2682
1942 7622
3340 1674
9331 2492
2049 6929
5558 4490
1284 1921
731 2105
425 2492
685 5838
1603 8538
7715 3067
2854 5019
7805 265
2367 8013
5935 1364
1475 224
1517 6423
1973 7192
6617 6970
8812 2467
520 9225
1588 4236
283 6055
3572 1487
5533 2691
1696 8990
3961 2154
703 1939
4702 9885
2736 9990
5860 1652
1544 1714
4177 8419
4304 6867
4616 9755
4221 2435
4482 1348
2287 2773
1087 4171
2606 5345
7582 3639
722 9442
251 3728
7682 5084
7609 7409
7119 7810
6737 1949
5762 9303
6121 5968
5283 9571
440 2168
6972 1704
7625 644
3293 2150
6415 9291
1665 6012
5352 5776
1745 3983
1444 3109
4327 2736
7111 6510
5462 3225
8733 2711
3720 3032
3726 6440
2696 7376
9459 2456
4977 4732
3703 1904
2886 1253
561 8417
6868 8854
7538 9513
4501 974
4490 7009
3158 8293
3968 5867
1611 9491
273 3019
2530 5293
9703 3282
1621 2162
6366 1331
2596 1093
2180 6000
4946 4939
4384 3780
3551 8824
1940 1335
3254 7509
3525 1837
5911 276
811 240
3944 8599
6340 2719
5752 6366
2477 487
3812 3472
1348 897
3405 8252
7160 4348
650 2336
1458 6237
6266 458
9304 5508
636 6652
2015 8160
771 2325
7680 3238
1972 8510
7407 1982
3394 3347
2344 2590
2780 659
5611 2955
2964 3257
1850 6141
4004 8540
1919 1875
3245 7251
9475 9607
2112 5741
1677 1779
2368 7664
9256 7939
6967 4224
505 1741
7448 6755
1471 2975
7637 9043
1387 6232
514 1044
5170 2186
153 7382
4160 5406
1936 1212
2480 1752
440 5310
8026 4348
4551 173
395 9042
9640 3941
8155 1558
6354 9464
4971 35
5862 9912
4701 9153
7277 1668
2377 8299
1538 9735
365 6774
4539 542
2981 8912
2285 2937
2059 5525
5920 6083
5057 9016
9697 133
3900 3456
7768 3928
2595 5473
5001 8826
7065 4300
8158 7538
4439 3609
3429 6903
973 84
6934 255
5818 294
6072 2164
4107 3590
5988 9515
144 6415
7977 4008
613 6388
5794 6028
3200 7073
5429 80
6550 8419
46 1719
8659 555
9468 4462
7449 6367
8681 8791
4936 6722
4127 8040
4448 9286
6249 1405
4435 7566
5384 2741
1118 696
3752 8459
1353 3163
355 6707
9485 3486
9043 1321
2518 7657
589 9492
2281 816
9628 1408
1687 1261
6076 1580
2690 7516
4649 8881
4112 2110
1191 7781
4798 1958
4179 1807
727 2616
8585 3243
3221 2867
7703 6880
3671 5676
8866 5041
1747 1085
5000 1249
7598 1358
9910 5306
9466 2883
8347 351
2767 5765
4732 6544
2062 7142
8825 1774
5169 4847
4528 192
6135 6860
7793 4054
8879 4219
898 5660
7618 8992
307 6577
8838 6701
8148 6008
896 4144
950 414
330 2029
5408 718
4341 2910
8659 1953
400 8120
9888 2330
7626 5456
296 5313
2309 8974
7188 1870
8220 3281
9207 8009
678 3059
7216 911
4123 2525
3588 488
742 7710
3755 7958
1324 2856
5562 9984
2316 8476
1969 3168
8119 8344
2646 6554
8306 7870
2 3999
138 5158
106 4049
4103 6742
8065 9815
5620 7874
2764 2643
3214 159
4838 4658
3722 7500
1701 9699
8684 9730
6444 2188
9062 3835
8722 489
3086 450
2739 39
3747 1689
630 5552
1969 145
2783 7416
4578 5269
2502 8535
967 5576
4855 1480
8808 4288
155 4514
4681 7315
6279 3140
158 5473
9924 3254
272 1266
8863 2253
2144 706
4849 1264
1771 665
3522 8217
3982 6720
506 478
796 2401
72 5057
9342 7598
454 196
2890 4437
44 5745
440 963
5796 7801
896 950
206 7179
520 8663
517 9511
5645 7320
2498 2692
7839 2858
3696 7599
2435 691
9583 3525
9107 8733
6877 5938
536 2082
1905 1227
1659 2167
634 4969
5096 679
3128 4551
4020 8946
137 3742
8672 4133
3063 2815
1182 2316
3744 2449
260 5509
8086 3755
2912 8694
151 4980
2250 82
3328 2313
3824 8952
2414 719
8717 7708
661 8378
9883 4634
5429 829
2268 8441
3097 9299
7299 2348
466 4397
7752 767
340 4125
2124 2640
4686 1218
4537 1579
9680 4933
1806 1499
3864 6131
6714 4302
2062 5868
5302 8504
9025 1692
3560 890
8849 1592
3269 2676
1198 699
4103 2617
9472 6209
3599 5427
2409 3668
4077 1959
5321 4821
4894 3530
1392 4637
4213 1571
8793 4036
6797 4723
1077 5139
8781 8210
2165 7877
9965 9948
4188 6499
376 1596
5908 1392
5219 8840
3392 929
4957 5453
4050 914
4471 7388
623 4789
5446 8405
8543 332
9143 2691
5417 7865
8802 2137
4958 3380
978 4971
2437 6524
2276 479
1207 4258
5886 6053
2459 2259
370 2374
8661 884
7410 2345
3627 5794
358 7004
2905 6474
8141 7664
2325 6151
208 7717
1973 987
9229 8249
2623 3392
2914 891
1457 8126
5528 5477
6418 2032
3683 809
5849 1138
7143 7370
7229 910
7997 5646
6301 2919
5078 131
4065 9701
3151 8848
784 6163
3125 4446
3411 2069
43 2231
3882 590
634 2445
222 8673
5673 6622
2374 7894
2589 5590
1934 6815
4818 389
3221 1627
3339 275
2117 9499
726 1666
105 2036
2099 7923
7146 2644
1591 9979
3002 5208
412 919
3573 9565
8987 7293
5060 5030
925 5365
4692 9774
1918 601
983 7758
9027 4137
1642 5489
6205 6689
406 1541
2143 2735
922 5861
4589 7391
4473 7045
7861 90
5392 8910
9218 5311
6331 699
1422 912
7209 3939
568 6192
5277 6279
9271 8523
2550 1662
6430 3911
3297 816
4736 4330
8285 6512
9013 3804
8479 2669
7006 3310
1048 6026
8293 6475
6980 4557
6073 1678
2100 8581
3913 3156
1854 2592
4990 8867
5666 9899
3950 4940
5985 7499
5150 621
6458 44
3944 9097
6341 1848
8430 860
2355 5354
1085 2666
2325 2228
7893 1271
9500 2557
5272 5260
6529 3599
8129 7529
9335 9968
5960 9158
205 7967
4147 3679
7416 9794
8638 927
3905 1390
2670 5483
5883 6454
4338 3538
1591 3607
923 228
7691 5380
7070 2353
6256 3245
8888 9331
43 1221
4290 9263
6063 100
1812 2504
6817 5914
9758 1332
924 4070
9589 8547
1878 4006
4971 2061
2995 4559
2995 8780
2472 6144
1907 4826
8050 8674
1258 3259
4568 3666
2644 8494
9262 3282
956 3024
2300 1980
5841 1826
4447 1401
7308 3885
7038 578
4545 7283
4191 2453
2964 1319
555 4601
2558 3615
6223 5765
256 2457
5061 6894
7671 3404
8338 2864
3713 864
5185 8384
5599 1
7120 9167
4971 9488
42 2785
6491 3258
7365 622
5175 1933
6172 89
8136 5737
1759 1904
9153 2531
1193 8387
659 6624
9123 2936
7707 8575
4312 3405
6846 9527
8889 9120
2745 5812
1553 3436
7186 124
7531 2213
3299 1639
1699 9830
696 8750
4634 5977
2246 6019
1854 5207
1999 5794
8585 1856
1587 5638
6665 445
345 1854
3600 8980
1822 4705
381 7691
9341 4097
5307 5265
3729 2844
4264 3402
6935 7992
8728 2841
7623 6848
6843 5075
5027 4634
3757 6721
2257 2924
3980 790
1494 4510
2399 6274
4420 7712
2853 7526
1381 9167
6908 7625
2184 5957
211 2731
8188 4879
5218 1624
1627 4179
7944 8063
489 177
4501 7827
8716 9305
4441 2545
7566 29
6493 8963
3776 6073
1745 8341
3602 7104
8613 8646
4337 8
9564 3170
3200 6906
3646 7421
7162 5795
1693 6594
8230 2766
3514 2509
7148 2277
5449 1702
6008 5333
8226 2047
1389 2418
3513 7887
939 1291
2304 8112
5187 960
1564 6886
8122 9345
3621 6834
7085 4712
2 3749
5509 4985
1860 9609
5835 9033
850 7676
8909 4045
6 958
5313 9077
2133 9038
8505 121
9924 79
759 2
201 1169
8211 5244
352 5197
6348 5338
7839 2193
2524 3803
668 5629
3007 6460
3709 8397
2996 6942
7073 936
9092 8073
9725 4248
7747 833
1785 5643
5333 6952
380 1193
1667 9268
6341 9351
2622 1778
5548 2476
8579 3963
1128 2418
1760 2838
9075 751
2406 7039
7499 7652
63 8358
3161 6630
8594 2907
5495 795
4212 4089
8990 7255
8561 1088
7998 2104
140 5063
993 4734
7619 753
2802 9488
9607 8912
2906 8443
8682 664
4956 6588
9354 277
8530 1647
77 207
9798 4105
3725 7853
2133 2003
9142 6456
9025 7768
4157 3154
8487 6993
6532 5542
5313 622
1691 2353
8684 3065
5241 2993
3180 3654
8044 2173
2830 2653
5869 6070
734 7339
1223 1613
9595 437
5529 1669
3192 4926
5418 3705
6020 5164
1309 4705
6652 8342
341 2225
799 8560
5675 1443
4275 9035
2077 5479
3350 2582
9817 8215
9943 3769
2315 1200
5910 8212
7251 6334
2634 2596
1227 5766
3570 7510
8119 3466
4877 6670
4445 2825
8397 6762
5447 7813
409 1650
119 9625
5523 9491
7642 9371
1898 5405
1936 1070
2064 570
1244 603
5086 9600
4375 849
3095 1880
7769 7594
8107 1135
9450 2608
1533 1853
198 608
6582 1925
1856 8205
6763 2092
5240 2808
6669 2990
511 3679
2720 3405
9083 7940
8350 5195
4214 7392
237 6778
5708 3400
2830 7697
757 4190
5015 370
4671 8250
3395 6250
768 1739
6472 5913
3146 648
4393 4307
3952 7340
7294 9430
4216 2354
289 2909
8354 5229
9850 5827
7559 508
1134 2124
3093 9883
98 9505
2091 3101
4278 2522
1360 7673
4960 7138
3769 2787
807 4805
7498 2828
1650 2013
3036 3932
7135 541
2656 9423
3240 5005
8051 1854
9635 6152
9443 1696
7256 6034
6481 7441
5497 141
9159 385
7293 4302
9692 2431
4477 9740
4646 616
8100 6873
6575 539
7952 6325
2315 6431
6462 2638
4856 3687
8853 252
1047 261
3408 7388
7578 252
6146 4475
2415 1178
2214 8294
8140 3334
9573 7568
9915 5335
940 4852
7736 3350
1868 2763
5240 2404
9251 7711
7517 7262
1068 3633
2936 4208
4690 5049
9758 2136
923 5164
4237 1053
5987 658
3744 2560
7558 1016
6082 8545
8146 9140
6832 6853
9147 1096
370 422
7793 8792
219 2684
5232 2543
1166 3563
6455 9455
2036 4236
7355 5047
459 5169
252 2522
5777 3251
1031 1550
2482 8734
9678 3586
1582 1616
4582 6836
3199 494
3023 2337
7321 3367
4825 894
2818 8045
501 2327
5300 8241
5801 6774
5169 8382
4169 134
919 793
2658 6600
3940 4087
4712 1622
4347 448
1331 8694
7479 2323
9557 4386
7824 505
8927 9637
5996 8766
613 6040
6152 9150
6687 655
1783 9708
3346 397
4953 2398
7871 9071
9715 6104
1799 7663
5004 5387
9656 7988
4237 1227
4402 2599
5834 6683
1230 9827
9303 9791
860 293
2507 1572
4042 9203
628 2607
1497 9376
508 6883
5803 4749
2123 1463
7791 3169
252 5575
5904 4987
2564 1081
8666 5463
9937 1139
6863 8928
159 9180
6633 8070
7169 6544
5793 4592
1245 456
3344 7555
2777 7273
6803 4403
5813 4843
1156 2681
1705 3549
663 838
2257 1383
1346 2104
1174 4337
929 7243
8766 2978
8329 1
5302 8827
7963 4436
6896 7381
7131 7499
5928 4792
1553 6955
1147 1214
3039 9888
2650 3799
5893 621
3499 8078
1730 81
3985 4987
2092 4202
9485 763
8802 1246
9621 5709
6879 7943
7076 5854
7473 1855
9137 4568
6699 2349
949 8598
5240 1422
7991 9179
9522 440
7866 4628
1458 2666
7819 6331
3288 5800
835 2397
3260 8838
6147 78
4838 883
8209 2028
5804 6216
429 9025
3162 4320
7737 7629
6375 5787
4873 7075
981 2958
3863 5410
7289 2237
8202 7208
7884 747
3800 5890
2033 5521
1450 2118
8408 7277
3647 1269
4210 2509
2835 651
7830 7629
5425 9225
5716 6125
9287 8774
1208 3559
2457 4017
6640 5807
6745 4825
9057 1548
3525 4000
7800 7606
8177 382
2893 2176
6439 5394
7132 8375
1004 5839
9095 5292
389 7988
4886 2991
5001 2859
4337 9724
6009 3255
3743 3339
2829 3688
7647 34
2081 5937
3896 9885
6752 9020
9564 1649
1024 972
4130 7790
1822 2739
4084 4116
3163 4965
3398 4343
4632 748
4313 6117
6573 686
718 3894
9152 1132
7070 5222
8468 124
474 720
912 9481
1199 2795
7074 8249
2652 7673
8259 7872
8663 9165
3981 5956
348 13
3035 6688
5511 9497
3135 9244
2037 6715
6185 5629
1174 8223
1383 1433
1110 4181
7704 1582
2076 3732
5654 3923
6962 9585
2131 3359
198 6528
7234 7673
2720 10
6682 6063
9349 4881
1606 2155
2827 2912
6017 2947
5311 5638
3681 1184
8963 3444
4720 7969
5212 6372
4755 6673
1979 9725
4724 4150
7562 6085
4243 1580
2617 8982
9821 8785
441 2772
7595 3554
7802 3773
5743 1686
9104 5090
7914 985
9547 4630
2865 1356
5127 884
4833 7163
512 8934
8944 8031
2826 8739
6023 2821
4497 6216
7245 366
4909 3003
869 2328
6792 2460
8539 3278
8146 7996
3562 2284
6260 5730
6354 2822
9540 2924
7736 4200
9417 5459
8239 80
5104 883
518 8524
702 5641
9825 4686
5911 8125
8124 1047
4750 5074
2589 291
3997 1260
4266 2353
391 6609
2715 742
3213 243
5009 4114
8974 7725
3831 9283
6706 5468
2600 2265
5929 4128
6210 2922
4271 19
2985 4262
4516 4058
7694 2589
5257 1113
6129 9376
44 75
1717 4630
6872 3314
5123 9680
1815 492
5794 1919
4218 6471
4070 9604
7226 7654
3894 4616
7855 3285
1539 7437
8513 7561
1429 2869
9262 6508
6647 5217
6747 3575
279 8525
9982 6400
6247 122
2923 1463
1975 9868
5726 588
887 4245
2297 6835
8151 6609
3262 9082
1266 6324
7054 74
1914 6657
3779 2956
3013 6493
8844 6430
329 371
6279 2022
7940 1112
7940 5751
767 2306
9750 9378
1475 2949
8429 7998
4797 4110
5827 9595
6574 2051
2804 6259
3350 618
1921 1458
2114 1802
2566 5367
8803 9872
5467 2028
2226 5842
2088 339
2177 5081
4620 1585
1187 618
800 1040
2958 5157
2391 2495
4336 8803
6313 956
480 3177
8928 2341
4999 5122
2034 59
9790 636
8753 8217
8057 2881
2944 6852
2917 3033
4631 5282
6766 1374
6936 1568
7844 624
5762 9247
5583 3370
485 878
5824 3893
5384 8654
9642 3483
952 3746
4081 799
3314 8949
5778 1083
1507 7089
6851 2138
46 9565
4652 4087
2254 4294
2439 1445
3020 7874
5507 2833
578 7377
3519 7925
2305 7237
3717 4831
3680 5379
9621 2401
598 841
964 217
5595 7491
84 1204
8170 6249
3750 1311
1753 4108
3037 2462
7212 9121
1765 720
5271 9212
9940 4963
2210 5953
9056 3556
1394 5782
3825 9242
789 9837
583 2036
910 6369
335 4639
9507 9247
4355 2044
8323 536
9248 7506
2891 7523
6172 1472
59 2552
311 8598
9125 6458
7185 8804
3157 421
2957 6258
39 1832
1300 4738
5509 7748
4797 1379
8832 2423
6459 7272
2738 514
1223 7080
3346 1409
240 9815
5559 5436
401 4181
3040 5897
6562 3398
8691 7701
6593 8450
1540 6515
6706 8509
8104 9220
2276 4265
4123 1736
4215 7194
2591 5619
2427 3450
599 7363
6874 8623
7507 6081
3753 970
988 5206
9802 9377
1762 5136
2086 9184
8915 134
4553 4443
4223 4088
2127 3431
394 8634
1470 5690
6130 2067
6867 2783
3714 224
4209 2750
2294 7342
5527 8284
432 9113
1986 767
2331 4878
7331 9125
61 4424
7826 3926
50 4761
7011 4614
1398 54
1768 1392
6723 713
4631 5775
9421 1393
1773 6270
362 9484
5891 2739
3110 7832
9585 2503
1637 2023
1840 1770
9914 2145
8132 3716
1352 6590
7370 6383
6855 2260
45 6611
90 2589
3583 4258
1486 525
6023 5238
8341 4643
8326 7623
2260 2606
1535 4273
2650 770
134 4517
8306 2618
6775 8095
4554 6800
6955 137
5221 9771
3702 2878
4302 6137
7668 128
5183 5533
5878 3854
9680 2362
6855 5216
9859 4001
8164 4981
4080 8263
7276 3760
4877 5115
1988 7790
8432 4486
5598 2875
1992 8132
1530 934
8088 8898
1373 5346
1750 889
4418 6606
2947 2362
1583 8934
3851 2537
2265 9979
3600 7983
4410 9794
5234 3771
4466 9977
1346 1689
907 1663
3095 1142
7554 740
6992 8595
6963 238
1163 9320
8884 8893
4598 3466
5925 7794
6452 8064
3557 8300
1234 1890
5993 2978
9258 2675
6297 8280
5080 5089
9339 1932
1499 9162
4421 1472
2750 7586
5549 7965
2136 1810
6210 8101
6209 7443
8305 8106
8614 5915
5921 3726
1054 2743
4256 6506
29 2474
6497 3843
1001 6005
6822 6410
6140 5272
7243 5986
8378 8407
6019 1751
3187 5904
3031 5293
8939 5164
5995 1783
4488 5221
2931 6490
8860 4551
279 6401
7667 2073
3779 5954
2831 7630
6434 6192
7458 1879
8060 1891
315 9931
6109 3189
7734 1866
136 3518
4605 7678
6812 9106
803 6131
2325 6041
1731 7657
7382 7055
2724 1400
3782 5885
4944 6099
3497 5208
4629 9647
3073 7705
7355 9510
5796 1165
1767 2055
8015 7806
4607 673
9115 4881
1951 7056
8767 8273
4636 2582
7734 7388
23 1406
9075 9660
1301 9421
6642 4681
5564 4729
945 9469
6176 8063
3903 5705
1711 1552
8547 6870
1001 12
1808 5054
6596 194
2151 1067
431 8949
9582 7456
8662 9603
9152 8680
6517 3011
3350 9739
9680 2605
1732 4136
275 2223
9798 1359
8261 3692
8844 5870
2659 7895
2644 2863
7674 6001
8231 5984
4324 2096
647 147
935 3456
7672 7399
2026 9694
3339 39
2362 4242
5187 641
3804 7725
6162 3817
851 3908
4643 1951
1876 2236
7150 2686
8552 1494
759 3799
6643 6460
5799 5646
3411 2525
3520 5650
9914 1397
7947 6371
8799 4401
757 4367
8802 3250
3449 1598
415 352
9679 1471
4997 48
1398 658
6872 6409
9341 39
2835 6659
2153 5271
8626 9089
4210 786
4622 5761
750 1288
9082 8866
9282 2684
1358 3813
3734 7750
3858 2199
3544 7
7326 1294
4772 2355
4544 7041
1587 1146
3469 9181
130 407
7851 1989
2485 6605
8478 9530
9707 6782
3106 8908
4066 6639
985 143
8558 9224
9588 5185
1063 4048
2679 2267
2737 2345
6681 711
3729 5543
1465 7921
9004 2502
6631 5553
6945 589
626 6855
5018 1070
2270 2359
2574 9264
2313 4840
3851 3038
7517 7768
8451 369
3832 4978
8532 3563
7130 2994
4461 8102
4863 4184
7518 1373
9247 668
4191 4968
3634 9297
2963 1806
5639 8076
1966 38
6790 2375
7780 9039
3525 4961
4388 1121
376 537
1478 4547
6781 491
9409 5679
9591 6681
1568 2434
8713 3710
4981 5656
9653 3055
367 8408
4853 403
792 427
6522 165
7362 7139
4995 39
1715 5978
7025 7464
5902 6664
2488 6361
8356 8810
1160 3229
6523 2863
4013 7616
7006 548
8724 1738
7365 1426
4752 5779
5606 8342
1499 265
156 8386
3584 2831
2967 3827
6377 4457
4980 1347
4308 3717
783 15
8508 7356
9366 6507
8405 3578
9343 3988
471 825
173 5942
1679 7829
1583 2608
8531 1068
1498 8357
1380 8660
2072 4468
617 9313
2432 1162
2105 7767
328 1030
1849 6157
4857 4509
6647 1043
9074 2304
7942 5973
7247 939
716 9504
828 5103
2312 2213
8340 6530
7511 1100
5423 2453
5353 2779
5291 438
1711 9206
5865 7271
360 5209
8300 3615
6701 6020
1902 9968
8233 7478
8660 2697
5677 2013
5139 3084
2659 9677
9875 4146
7073 3055
6338 6014
240 7468
1132 4639
7694 6987
2122 8906
4497 9191
8312 7864
3565 4
3228 4508
1863 3043
5028 327
1883 356
6014 1327
7275 6843
1374 6349
6665 2919
2300 8135
5592 639
8076 4830
3357 9389
6290 7016
3675 192
2357 5200
2672 1052
8147 8828
8938 2245
1973 8543
6158 5020
9109 8288
3450 1736
4189 2812
1625 105
3250 5480
6839 6954
7553 9369
6277 181
5257 7431
8592 4939
7369 5327
2029 9939
5915 3352
7448 4835
9505 7656
1293 3053
4238 8872
3590 5324
7449 4341
8791 5056
526 1161
1766 1253
7077 2218
4462 1386
2839 2432
3366 7569
4670 1853
4542 6770
2716 4952
4970 5206
7103 5274
1586 2529
6451 2733
760 2142
825 1810
972 2001
5159 5810
3277 4713
9168 2935
8496 8821
4245 748
1702 6857
587 8450
2921 9905
4431 1412
2503 2389
5864 141
7299 4237
9420 3209
2072 7975
69 6153
5247 663
5109 8203
2163 6990
7960 1146
6627 4862
7146 3089
7960 1756
4761 6086
8615 5959
1099 805
7865 2825
4658 5529
8505 1068
2047 2850
8062 9406
4246 6676
4666 88
5265 1869
1570 1307
9831 4841
6910 1836
3374 6617
3315 322
142 6865
9040 2573
5224 2113
6758 361
5671 5847
172 8627
1862 6194
4385 8732
7427 5514
3779 2044
210 4014
4224 6601
7236 9310
7835 1399
7226 7707
9601 786
2996 2955
3116 6714
7935 6305
7239 7950
4399 8333
2612 9085
8857 8688
3515 2888
5300 7635
5875 2092
8688 3832
9046 911
1480 5440
2160 6233
1620 1950
1000 8789
131 2125
1266 2535
8359 5262
5252 1488
4113 4756
3800 7328
2718 3300
1346 683
8562 8070
5746 9584
6372 2497
6236 2454
3338 2487
4150 1735
4711 5852
9585 1842
1666 2205
9884 6283
1480 1150
1861 1510
4165 3557
5986 340
1759 3909
591 3869
1219 221
6920 2127
8629 9331
2185 4085
5202 4235
6805 2636
8808 8972
4244 4866
8265 6628
6864 2463
7515 7051
482 3193
7219 7702
2920 7826
2291 9149
7386 533
6130 319
8893 2818
4987 1172
103 3301
9 5604
9092 1918
3153 3478
7289 188
1136 1659
1607 1067
839 2492
6882 6352
3716 2993
4323 3282
9251 8563
4682 1708
5620 4660
8200 9616
7439 1310
3852 2238
1237 1578
1484 821
1145 1826
3383 4777
7568 9160
2249 1414
5524 1753
4718 980
2943 6364
1418 1227
7270 9215
6089 3065
9171 5140
7346 7666
6600 9480
6881 5975
2913 9973
8726 7146
1417 152
6776 3009
8159 1061
2893 5545
7035 5561
5534 1708
6428 9281
6935 7206
7908 6313
2029 7685
2966 6488
4803 1439
1086 1866
526 8697
5138 1437
8760 4181
8456 1040
2370 1131
1288 7657
4685 4827
3299 1094
458 2273
84 1575
6800 7786
5189 2586
6351 519
341 9030
3315 896
5370 9404
1243 1995
8562 7754
3802 9005
7518 1826
7422 8335
5872 3772
9199 3349
1940 4743
5738 4891
9293 8677
6751 5024
1762 4440
5255 1160
6873 3159
7130 9789
1922 3942
7840 7638
7144 2469
2038 9722
6947 7991
4307 151
2449 5365
5052 4526
6438 2116
5509 5345
1058 3317
2954 3072
9970 268
4525 4912
1449 4867
3695 2893
1841 4848
1476 3729
2620 260
386 2694
5856 5301
523 7816
3794 1230
9596 1727
1042 5269
3493 2364
2920 6590
5849 8801
4621 2142
600 3414
1806 5747
4732 8777
5916 2402
6736 4085
5575 8640
5576 839
9212 437
5916 4445
1532 222
3383 3183
5855 8242
4064 9315
201 2424
7382 108
4684 1351
9505 8482
7918 1917
695 8728
4637 8868
2252 7162
4368 2418
1998 2565
4447 2064
8224 5019
5062 6797
9540 4311
6214 1524
3951 4207
4300 2043
2695 8680
518 1165
688 6573
8611 6171
3544 3363
2651 2958
80 519
671 304
8316 7305
5922 2524
7533 7469
7096 8243
6093 2623
1613 2049
9465 5223
9930 7807
1206 4461
483 1306
4877 8783
6021 3059
1209 8785
4302 2601
1860 1892
3933 2772
4700 8282
4924 8915
1819 1593
6426 7448
872 5582
1246 5970
344 9652
6809 4908
1065 3957
8796 708
1760 6383
7290 8271
5889 4891
863 4939
7119 9194
7985 4197
7285 9745
2437 2011
5876 1832
6853 7365
4910 5517
2929 4192
5906 7725
9044 8602
1929 9158
4904 7525
5073 2518
8412 4790
215 2600
7765 3565
7738 9441
3363 6250
6478 4198
838 1806
687 5569
8256 3776
9046 1939
2476 8529
592 8779
208 6978
9421 3080
5183 820
9207 7740
5922 3968
2164 1089
136 4056
717 9825
4988 6205
5888 7936
2198 275
1283 6524
6596 834
9018 3689
4329 15
3962 2326
2727 3722
3439 2532
7402 9945
907 7240
9669 7220
1840 3326
2801 8434
5408 9408
2786 1397
8931 5512
8285 3074
3353 1363
2839 2756
3136 7862
8160 8896
696 2517
2336 8123
9845 5345
1792 2395
9269 6386
4508 4332
1923 534
9207 5173
1819 7433
5536 298
6687 5269
5027 7843
473 1387
4035 6588
5681 2579
5031 174
7826 3681
2547 9534
3240 4841
5513 3188
4045 9651
6911 2383
8293 498
802 1960
2309 546
4251 3140
7275 3808
817 5901
266 2543
544 4979
4133 4216
2936 4223
271 9249
185 137
5264 897
9885 8251
4571 4451
1126 6821
1101 3721
7659 8466
8824 1731
1565 6827
7553 8753
9902 3322
1014 2645
500 3410
5780 8476
2331 4477
840 62
921 7718
5221 1651
3157 5496
8070 73
4714 390
6468 7268
2313 813
3962 2454
7885 2791
5879 1519
7299 2626
1651 5221
889 192
8342 3783
5062 2511
3621 9903
9899 2892
4991 1799
3272 9283
1351 3214
5778 6971
2018 6459
1460 1568
2676 512
6932 8064
3814 1778
6647 11
5162 2904
935 3700
9346 2355
2675 1885
4430 8893
6648 9106
6885 5989
7871 5957
4646 5209
5735 506
1343 405
1492 2515
7806 3883
5736 2511
7189 227
8514 3662
7955 2966
4244 3448
3985 4661
3641 2607
363 7328
8471 5410
7488 964
5985 5540
2235 4803
9312 5004
2307 9242
194 4654
9007 7951
9107 1594
3342 1354
8700 6515
486 5622
6666 6243
7260 504
6129 6669
1939 143
448 3683
9352 8956
9110 41
4590 5380
9013 2841
4277 8595
3349 8201
2129 7204
7933 3610
8343 7902
8862 6882
2171 193
128 7261
136 6866
9698 2511
2032 5219
3739 3101
9301 454
7366 684
6230 4963
6190 9226
9822 648
5366 2588
4298 1841
3644 6920
1466 3640
5887 596
6473 6174
9871 6206
2320 5595
6372 7789
328 6771
5585 6744
127 2506
1642 5142
5101 1752
9972 6661
3014 5840
7580 927
8835 1166
3754 8250
9021 3360
3591 2703
1977 7702
1678 9454
5019 1260
2335 6607
5476 6424
8233 4988
8893 415
5913 7533
5961 8589
30 1556
2197 5636
3791 8314
8644 1892
783 4394
6057 2876
9951 1933
7923 785
4645 2373
5408 2221
6236 2286
7403 8745
12 8273
3096 3278
9387 3963
1459 183
2116 4845
1683 8059
1959 9062
1748 5371
6097 7742
6357 1799
7102 3460
5903 4374
5644 7003
4936 7861
2578 128
2231 7407
9793 943
2808 5678
969 6982
4898 1425
5295 5834
4520 1086
4205 6697
1293 362
1610 752
2443 5223
5180 9982
7093 9293
3164 7144
3787 5821
6633 9118
126 6257
2528 9102
8533 5992
5418 8360
3632 1841
6405 6658
5259 2021
5112 5661
2773 5802
7010 7015
2801 4805
178 5106
3324 1007
7932 500
881 4764
2298 7457
4681 8248
8177 9990
9511 6387
8262 6312
8435 5599
8369 6749
7189 9191
6192 680
2341 9730
831 1883
8496 7688
551 1655
1550 7924
6756 2072
3873 2683
3164 2559
9072 2044
5549 912
2021 4520
3654 3805
9668 7044
9112 9442
5102 3644
350 4628
197 363
6619 1843
2720 7577
1683 4439
8305 4787
2525 9690
1925 4753
6983 3826
1595 5412
3995 4770
8313 1839
5440 4721
5579 2391
948 5371
2526 1294
5721 2359
5500 5020
6765 8985
4009 3663
3119 4713
782 9285
366 6788
163 8247
6740 1568
8434 3529
3411 7302
9369 3583
1631 4923
4000 2498
5660 5231
1724 2466
1833 715
1460 9502
4206 2692
1330 8931
9634 2949
2988 978
2559 2396
756 5925
1274 3619
5356 8978
7006 7074
4910 480
2696 9491
3419 1162
3881 3622
3698 2355
5143 215
9171 3177
2421 7948
7925 156
4628 3299
2357 9601
8089 5612
1840 1570
7425 5954
8786 8984
1299 2720
8928 7052
6037 7185
7443 1289
2322 6905
3718 1639
4570 594
2082 8356
2666 5337
232 9603
1197 4667
3135 3994
7555 8362
4750 5526
658 2069
4732 5410
7818 6774
8614 6072
7677 1517
6497 3191
9935 2574
257 6486
3194 806
4297 1992
581 5508
4500 560
2134 2405
2995 8710
2101 8176
632 3627
1667 9140
7090 7529
2476 766
8202 9647
1641 2447
1661 4588
4520 958
8827 5161
8255 9018
9504 5676
4047 4707
7409 2874
1622 1081
6425 7405
648 5413
3828 9958
2543 791
2108 4789
3424 2895
5122 7063
6111 3616
1903 7839
4422 9681
8140 1416
6690 2614
6511 8409
4255 2015
9910 4650
1845 8944
5801 8374
963 3264
187 7938
9531 8166
3921 2973
7662 5889
1079 2472
665 6182
239 2712
1296 7504
1179 4490
5130 5426
2013 1062
5709 2113
1693 2247
8076 8992
8619 90
8590 523
9829 3701
6881 553
6251 3578
7198 8076
3745 2747
7343 2218
5877 3616
110 3249
4129 2951
4368 7734
2291 7452
8994 6975
1180 3050
818 7906
4726 2896
2386 8813
6073 2711
7464 1992
3472 7203
2889 6152
2295 5784
5112 245
7608 2367
841 8573
2982 857
2123 1802
1513 3267
2469 6946
1068 1002
3040 1583
1859 81
4517 7054
977 385
1081 2971
9545 1857
6134 4109
179 3270
9868 9069
6577 5420
2312 7965
6930 1589
8579 1879
1735 8834
5038 7971
4485 8304
796 669
2874 6804
7698 8070
3635 7003
2762 426
6317 5723
6110 1539
1275 686
1667 5644
1816 6640
3891 1512
3901 5718
9776 7587
1829 4657
1686 6057
4366 2644
912 6726
211 7330
7950 1981
6344 28
3397 3278
758 8858
840 866
3736 3463
3029 6136
7477 1762
1027 4901
3326 5906
2523 1607
1322 345
708 7275
6849 8269
1604 528
6966 4403
1843 1740
5672 3484
9106 6893
9418 5957
6124 7346
9986 1898
635 8699
63 3931
1407 1118
3375 305
9483 300
2095 1218
8176 8835
2340 451
5246 2069
3050 7102
9256 3129
4155 7957
2935 5856
2274 1893
1074 4603
2881 3470
861 7932
1199 9234
7103 8746
6486 3628
8552 936
1148 6163
3475 2472
4448 2719
3912 3324
4568 7452
613 301
3065 6749
2094 1200
3350 3410
5347 6326
2316 524
8705 7650
398 96
2428 4737
1068 3307
1787 8309
3369 2549
2068 3826
3821 2393
2137 2717
1672 3812
5187 241
713 9724
719 5939
94 7427
7446 3497
4156 5356
7169 8119
6754 1885
7772 570
1497 6101
5403 3657
3230 6848
4427 5833
4307 5049
3082 5119
5170 3023
7257 7227
8612 9467
2640 6771
2306 2737
8115 3773
8538 6821
644 4354
7251 1840
6842 1631
6420 1491
8080 7438
3090 2939
9872 1493
4025 53
5138 1852
8222 8260
4415 1141
7010 657
5851 5143
9369 5539
6947 3803
6028 2031
3219 9515
3995 1841
3883 5063
5991 8284
2659 1019
7663 6574
8268 2174
2601 5032
5321 1755
9108 108
7566 2997
427 696
807 6183
4092 2210
4077 6906
7002 1892
3141 4282
4208 1178
6457 1915
6328 777
8907 6055
6779 9218
7254 4844
89 8632
3111 1812
1227 2095
8157 8341
9351 3541
9357 4234
8867 5461
185 929
5038 5561
1122 5783
4700 2080
2667 529
5056 1521
6288 2348
8159 5903
6087 6535
3586 3293
7685 6527
332 1316
6484 5547
8541 8642
3044 2858
1206 3717
4800 6554
7982 457
6498 2058
165 3118
3929 7618
5767 5165
8426 4449
1875 7372
3493 4343
1692 9713
6842 8549
2831 3347
5084 6897
5958 9239
3108 4830
973 7274
9689 8364
9651 6090
6606 1436
5956 266
4972 7190
9092 6309
5874 590
350 9010
2586 3732
6206 9609
6383 8044
4716 2870
5340 3662
6602 9595
2182 9374
8687 1067
5468 9934
5365 9156
4637 3155
1472 2444
1067 8854
8865 3344
1647 6523
3898 5305
1486 2999
3202 5728
730 8861
7098 1970
9180 3786
8673 4999
2592 2162
4454 4672
3297 1514
9180 2912
1784 8440
9539 2141
799 7816
420 8455
2922 3376
7949 3688
4392 6038
7486 4603
4005 6833
3443 4610
9076 2509
1875 8995
6365 3618
3496 611
7649 7879
3888 7174
5093 9428
9795 3093
526 2117
598 2081
8266 9798
288 3463
512 1275
2603 1029
24 1470
637 460
3581 5135
183 1686
2450 615
8926 505
771 9405
6552 4477
2382 8541
2537 2603
5458 2630
4975 5687
4247 883
3819 6879
670 1036
833 820
6761 4270
2385 2760
9022 8104
775 8664
1193 3703
6207 3389
3760 2068
206 3918
4555 6349
3181 920
1347 3058
5095 1760
3289 8176
9333 9752
3466 4947
8728 8048
9122 5943
7511 3231
7808 2384
2329 9315
8169 5419
5925 8469
2719 4677
6616 80
514 938
9495 7395
1719 2704
9541 9349
5817 5205
4440 6377
8045 999
6039 6114
1707 883
2726 2697
122 2847
7798 4044
346 7516
3782 6825
2600 8870
9055 1340
3325 8542
1598 4325
6184 8170
99 7453
3646 1947
2938 155
6863 1711
9559 1138
6042 8232
9864 3853
2228 1661
3333 1518
1621 960
7835 1410
6131 6352
9530 9865
7443 143
7500 8645
4893 9959
55 7170
2752 4824
2676 9125
8454 741
9280 3031
7817 8048
339 5108
934 1059
9360 1422
1121 401
4028 3656
2121 9963
1555 3312
2557 8711
327 1932
4079 335
1434 9545
4344 2246
4926 1504
6364 7344
6698 2730
5183 5138
3456 3973
9129 4407
2269 7
6598 2469
3425 5794
4385 7072
7376 3129
9746 5357
5560 7634
7749 2697
3300 7724
8253 1835
5007 2915
2984 5304
4813 2194
4917 3526
6407 8137
1940 2371
2726 9007
2733 3014
6674 8537
8355 6181
746 4555
2554 8713
6567 2142
3223 6047
5148 7571
9543 2129
4433 8087
1251 9541
5361 4408
1794 8148
5968 4391
6111 3981
7361 3950
9437 4330
2310 1700
4472 5860
8617 1087
8686 3859
6299 953
1133 1144
7980 8741
4671 6415
4298 4692
1876 2271
8813 611
9214 8692
6802 2472
8931 8335
1542 5853
2478 7931
6758 2508
9255 4739
2213 1708
4 9555
8366 5274
9888 8189
7066 4683
2556 7197
5283 9505
1651 4078
7146 1372
3042 4062
3159 3988
5463 127
4911 5060
8392 1776
6026 5592
9768 2588
7029 4731
839 9313
5958 2650
6743 3604
879 1565
742 3426
4260 2247
680 8378
1072 7211
532 4074
2709 722
6851 1351
3074 7402
9572 8577
4010 7457
3620 9238
1763 6723
2444 325
2924 800
6731 3254
4931 7650
2005 3272
2149 1741
9612 8651
39 5207
4174 8832
2709 9098
7552 7902
3145 2504
8106 1958
6958 4783
4498 1816
3845 2509
7469 8999
9928 4853
963 4763
7933 3922
514 1350
7758 9756
9638 6746
4998 3465
5080 3816
2766 4645
9796 204
970 2709
8544 4759
6237 1657
6634 8588
4980 3472
3793 6496
8290 9040
5559 6892
2871 5158
8436 1492
7782 7163
5262 1805
2871 1112
9593 2027
7610 5835
9130 7048
1134 5226
4064 4572
1105 1271
2036 649
5608 6485
688 2118
1681 539
8255 5695
8695 4390
8260 6747
1270 7779
7069 4110
7616 5533
2681 143
5391 8548
9943 60
2492 9983
5841 2669
400 6995
4329 9159
4905 9444
4355 9922
1662 1163
1796 5597
8630 1209
6009 9377
2390 4524
650 1235
6394 7903
4544 9597
5543 534
6101 927
9870 2395
907 6770
3619 2370
2144 878
782 4036
3457 3181
6609 7370
2237 1087
9100 696
795 8095
430 493
445 3590
7869 423
9543 2734
3688 4188
8619 6937
4058 2742
4295 9348
7073 4511
7426 5398
2656 5742
818 1613
8322 256
8946 9484
801 1722
2498 829
4262 3422
5903 9949
9441 3549
8965 3880
5034 2076
5218 979
5657 1257
6892 6553
500 1776
5430 5143
5911 2761
3423 8620
953 1092
4603 9243
3164 1416
6855 4724
6181 8456
8087 9154
13 1528
8258 6581
7143 1406
768 8771
2931 1964
4819 3754
3218 8861
1956 8138
2971 7086
7951 7889
8238 255
5201 582
9895 3466
4833 6138
8068 2611
3069 5644
7226 9632
2567 8060
8230 1260
9616 3330
3952 9910
1122 2768
6900 5103
6116 2469
9460 36
778 8483
7336 3833
4508 4852
2360 7047
6024 5112
4155 5846
234 6690
7457 8623
9498 3061
6094 6427
7719 1576
2759 3936
3011 161
6642 2782
3103 1825
2505 116
5209 6988
9456 4249
9602 9005
4504 5128
8021 6439
2098 7226
2277 9630
1351 8586
5286 4471
3656 5270
6047 2190
9362 1138
4622 6183
1588 6049
348 2727
7972 7926
3171 3667
1998 4103
877 1753
3470 6164
7039 1358
833 3223
5206 167
2759 2332
8624 2700
1724 9090
4415 522
8039 6867
9785 296
1538 3697
9667 7293
5995 6785
7360 768
6410 3404
4804 1247
5140 707
8990 2020
8255 7716
5573 4069
2568 1995
2370 6299
6226 6602
415 918
1807 267
6494 8414
4179 4693
5117 7709
9911 9342
6328 6987
7564 6800
2864 4634
9664 6495
6715 3635
6310 1993
475 2704
9329 2431
1843 4108
2673 1156
2184 1624
5186 7043
5204 8432
4016 2646
9601 1757
7328 3732
1092 236
9915 810
2616 191
3164 3358
2748 6786
364 1983
3087 272
6939 5057
8220 5879
4466 5208
3937 954
8663 2851
7764 4694
6209 267
1031 7287
4589 6348
9595 2107
3040 7667
2164 1799
494 6616
3788 9577
9834 8254
7130 3805
4190 2313
3444 580
126 6927
3202 2819
4232 2674
5717 760
5502 5981
8936 3281
4008 2909
6710 8944
4403 3170
2924 7866
3551 5382
6224 8256
7560 6013
4099 400
2450 2126
851 9164
522 6353
8051 1194
2619 6985
7535 9406
7295 84
7851 3253
4935 1856
1467 6307
1052 8832
9625 7936
4662 7024
610 9359
1501 645
7106 1055
3519 8984
7937 3493
4417 933
1565 121
6057 47
1386 9856
6571 7511
5624 1850
2691 956
8133 669
691 5269
7538 1618
429 9933
9961 334
3667 9406
4271 8531
3468 2865
1895 2952
2922 7220
3976 311
5514 9917
6831 7782
8972 606
3416 8248
5796 7930
6825 3252
7839 8808
5247 4118
8954 3525
3150 613
5024 9726
7027 3957
4338 3071
9612 605
5036 7477
2218 1468
694 139
5893 6376
4184 9123
8465 5527
2577 9826
2897 1729
442 9345
1881 710
1542 1010
2583 540
3357 912
117 1291
2441 4394
9368 8733
9344 3073
7613 4432
36 5280
4757 4206
856 4683
254 1295
100 1947
5860 5757
6026 9722
7111 5032
6537 6617
3759 3515
8802 2442
8829 2863
57 9883
4676 3294
2318 8320
3720 107
9021 6468
9302 128
8915 9089
9876 8760
5859 3390
7690 3134
7240 184
2225 790
5483 69
4635 5546
2150 2901
4532 5527
3738 6377
439 538
2782 1097
5715 7765
794 320
2336 6679
1715 6011
6205 2266
4391 1506
6220 4718
1851 86
5216 1750
6963 4876
5637 162
3779 6584
6369 7277
3235 4509
5721 2088
216 532
1015 3974
1072 12
827 73
4958 2065
1424 5149
1736 1904
49 6740
2749 4489
1227 5586
2762 1110
3044 105
4719 4124
6796 3400
2574 3167
7587 7087
915 2090
1419 3671
3242 8671
8672 4047
9469 7436
1029 186
9902 3983
3633 183
7940 4796
410 1729
8937 8796
1136 1801
5587 9096
4349 7552
4513 9494
8956 8361
1833 5875
8200 1854
7727 4290
4998 6018
5656 3556
8293 1911
9632 936
6660 5249
553 2581
3462 7979
4742 7286
2818 888
4887 4181
2573 3453
549 7195
7980 7949
2272 2166
1476 6356
6454 7581
4789 7080
4583 5424
5335 461
3175 4211
211 5817
3300 6828
9925 7736
9241 4187
6225 2224
706 5002
1091 422
3681 8229
4203 9875
3889 1420
7449 3378
1784 278
8262 8619
2434 8217
2051 4341
4283 3511
5061 519
2317 1162
1586 7232
9164 8132
885 2647
1790 1824
5608 613
5647 2813
9634 1843
8995 428
1791 9182
5885 5144
2560 7394
4976 7286
8882 9349
2676 2333
8915 4435
556 3847
1842 2763
1045 8776
6023 2679
9233 4015
9603 9009
4149 7723
7672 773
6720 6159
7324 2866
4125 1497
3451 7685
8634 7088
2347 2423
9578 7964
9172 3557
1624 554
1871 6225
4622 9568
5021 4823
6484 6654
4332 6195
6700 2454
1414 2801
9614 2989
9114 6356
3376 4146
4703 219
6648 2254
9510 2258
4949 413
7392 4165
5946 1596
6160 2346
6669 6675
962 2495
7647 3926
2667 49
8476 8598
6419 6047
7046 9933
8305 9950
2013 1690
4245 2174
8450 2057
748 4221
252 1783
2063 3451
7371 4693
9741 1454
1626 5594
6619 9399
3642 190
5257 2356
1693 468
9639 2311
9040 648
6583 1239
7149 5450
1396 9941
4752 409
9748 5442
5688 4131
8602 591
2096 2203
959 1173
9279 77
6162 151
8813 1679
525 6660
4535 3400
2186 2609
5204 1733
6182 6183
1864 1609
7941 9128
2457 8629
5206 6952
193 6072
4888 8442
5908 3897
4237 3032
1539 4899
6222 5815
1551 2032
1280 7642
9457 9289
405 7173
3034 589
8181 805
3510 6304
5359 4559
5287 5445
7435 4311
6975 7248
7426 1842
5246 4181
9008 3085
8429 5861
7592 2207
9209 2298
7032 2812
4884 2752
2031 5452
5145 8631
1437 6731
943 2230
3754 4738
7616 4227
4521 1447
2442 8320
7950 7616
8901 2104
782 5758
2102 4250
758 8823
7651 8164
8911 9748
744 7733
1728 3340
9274 844
2581 5648
3450 340
8462 2922
637 212
2331 5120
1737 978
9590 3501
786 9657
5617 2769
7286 3451
7603 4375
8933 2728
1357 1624
5701 6430
9393 8719
2741 2387
7093 4844
129 2610
8980 8813
1733 4355
1110 4922
2582 2398
5170 9215
7165 5168
5649 4208
4677 9567
2468 2328
7463 955
6584 7218
4387 6534
3545 3147
3522 3061
3765 9976
3274 2039
1731 5796
2338 3942
7812 509
4823 9083
4440 3696
2190 7143
788 5761
938 9727
9395 4288
10000 759
122 2600
1241 5059
9632 170
1945 2842
6398 1226
9454 5420
67 2008
4538 3669
3772 5441
884 258
6850 5095
2364 1492
7028 3182
4238 4851
1047 6616
5657 1924
810 2212
8369 1742
8335 2547
689 809
4871 7147
1205 7800
7037 4799
6 1177
8102 2270
6391 7243
3239 5243
4849 8767
8136 2286
7018 6882
5320 2121
6970 6105
5265 3325
7681 8414
6189 3949
3091 3451
2377 9123
2566 2484
7080 2435
1070 3210
459 221
8471 1309
6912 726
851 6929
1193 25
4915 6020
1503 2825
3291 7903
1718 8811
4290 4092
498 8338
9303 199
5418 4139
6315 2103
9868 5162
2410 1151
6578 276
8523 7520
5332 1807
5003 3042
9358 647
612 6258
1347 9970
1860 3790
641 6070
4811 7119
1655 7817
2901 2358
8276 6473
6730 9242
3698 5214
3826 2097
9972 7325
8380 4733
2891 7966
1520 2649
799 4000
4452 2612
764 1243
5037 7645
1355 6406
4598 9632
8050 9242
4277 335
8543 1543
4060 5813
2097 1269
4701 6711
231 3550
4146 60
6446 667
5276 4862
8068 5532
2122 8353
2594 6315
7533 756
3722 8419
3273 3718
9470 3149
1711 7483
7121 9291
5592 4751
2753 8457
7844 1370
7493 6737
6197 4404
4243 5054
7957 1739
422 7987
4207 7778
3838 8540
9181 3516
5384 9077
6430 3562
2624 2058
1370 7330
8228 3567
9048 1713
4747 1121
2879 1553
2437 7500
8108 9694
1461 8255
1909 7205
1500 5245
3867 1743
9496 485
4933 4797
61 9876
8394 8836
9458 7705
9007 6971
9391 2746
9187 1682
5158 2821
86 149
1824 9289
4961 577
5737 3846
1826 5367
9951 1250
1926 1055
422 6702
7629 4270
7552 6216
2232 235
7771 5506
5494 1982
3147 6339
3968 667
9690 3565
9329 2990
189 8383
3338 3798
8873 4619
293 4967
501 10
9016 1386
7170 8191
9692 88
9897 794
8047 9480
595 5630
2359 7045
879 8388
8392 4627
3743 8113
1127 5011
8148 6662
5792 1589
4060 9814
6709 9389
8425 3902
8968 5593
2755 2400
1436 2274
752 1904
6374 2082
2355 1923
5177 1477
7283 1300
659 7155
2414 2137
2818 3020
4094 8838
9147 9973
5258 656
3900 9426
2304 5364
7120 8628
1586 1529
8291 2725
4318 675
2023 1810
9938 4682
8486 4777
2064 3083
3240 6258
2190 525
5160 2307
5266 2454
6194 7694
9516 4815
7040 7742
1268 2438
310 930
7765 5922
8042 745
9802 1068
1304 687
4393 1724
5332 1079
3773 4577
7345 4809
4792 149
8498 1725
3912 7889
1231 5593
9113 6413
890 7176
7756 8762
4115 1196
2326 6211
3593 8581
5260 9873
6497 66
6462 9007
7724 1927
8738 3918
7380 8400
3330 9866
5527 3077
8360 1116
56 7230
3257 4320
8098 7977
4752 5274
2846 7449
3229 1173
2967 4818
2061 9484
1388 4019
8283 7245
4486 7970
2135 7610
330 3646
7847 3906
9601 33
251 8176
1670 2724
5317 8322
1968 9496
4088 8508
9553 434
8129 1566
9310 983
9348 5124
1264 409
7224 3596
9561 5568
1381 7757
8075 956
8076 9558
6422 9209
9000 3477
2113 7684
8356 2953
9851 6798
9837 3370
1554 7455
6074 135
884 3245
9577 2080
4612 892
2043 4438
4783 184
2739 6528
5071 1761
683 2255
4047 6326
103 8723
3393 4278
9598 3663
2525 1282
2151 2059
6602 1303
8576 6073
8306 6875
8517 6778
6961 9845
1198 2594
4334 4690
3017 8921
8974 8518
2027 9411
8420 1744
9601 6755
9021 2929
5964 3419
348 4525
7260 2375
5025 4099
1308 5019
80 2858
2478 2937
9807 3740
72 2872
4751 9368
5104 5537
8943 1938
4324 428
7837 8766
4077 4939
8479 2317
1301 8869
1569 5511
1942 7718
7583 7914
9637 1828
9830 4049
3855 7109
3382 1769
978 6527
5994 9136
6895 7041
107 6526
3327 5616
5714 2569
8964 9012
2749 7683
6385 3109
4020 5095
7980 1552
3772 4148
5859 574
763 7945
2813 1446
2189 6914
387 1265
2071 6322
2366 5231
1866 2274
642 41
3354 2968
4700 311
9856 2523
8920 1219
8956 7078
8775 2941
2895 2459
3662 1776
1208 6682
5602 932
6701 3186
4467 4005
4877 7895
8806 3669
9588 1269
7576 7982
1646 9956
5039 234
2719 5820
6307 1959
1683 1595
8270 1013
1921 3525
4735 7937
2917 2571
3477 8919
8895 5615
1850 3651
9734 8230
1278 2585
5680 2783
5126 4631
9366 5396
9812 3015
6836 8655
7337 1609
3695 4495
5417 3264
4858 9050
9390 8011
4458 5333
9311 3287
3945 257
9793 5556
472 808
3694 3973
216 954
8454 9932
410 8561
6628 8485
3669 2059
499 7361
537 729
784 22
1682 1763
4865 165
9519 1023
982 285
9603 1426
8015 1518
2652 7589
7743 8192
5842 7099
9647 277
1026 3363
9174 6540
652 6393
9512 5623
5641 9890
9948 8911
6641 2648
866 6247
6908 1410
2452 8991
1287 7223
397 5322
3114 6868
5656 1202
5639 1869
3258 4042
2581 3889
8914 8211
6719 273
1184 4787
3095 7281
7332 8692
9950 9248
4024 5625
3320 2901
993 4086
8683 6779
513 4432
2121 4350
5745 1795
6959 6934
5230 515
1565 6099
3393 9060
5078 570
7555 4158
6570 1775
2368 8187
563 4595
2364 1347
7804 1009
8883 315
2985 243
6101 8297
9522 3146
6866 6059
3122 2222
1203 968
2352 3363
698 3014
2139 5180
362 3326
2091 7956
569 9054
8934 5515
6372 141
4528 4189
20 5252
4119 3258
4593 5579
286 3777
1188 1218
1719 1454
977 1425
6135 3686
9461 4065
8581 8561
9964 7261
6338 2279
7990 5779
7024 9853
698 3488
12 2770
3308 4843
7982 3558
347 1392
7267 1403
8654 1792
6312 3838
9585 3286
297 2487
4394 7341
1051 654
4721 1217
2807 5841
9535 8452
2760 6484
9686 9314
5896 7256
961 5094
4741 8831
7421 7294
5674 3055
8057 3437
1963 2373
7914 1008
6272 2588
754 9731
470 2430
8850 8596
1186 9913
9581 9991
8344 2534
4607 7532
4475 22
4045 4847
3302 3326
1263 6831
5834 8709
5964 6337
2473 6620
4852 7189
3378 5917
4340 2025
958 1414
4566 316
2443 4872
6887 8918
1942 8923
893 8967
7630 853
5864 5773
1303 2315
4247 2761
3197 214
2255 1812
377 8858
7912 6414
8824 115
4265 9544
3674 625
2709 8211
3737 6806
7989 1048
459 7596
904 6425
9593 4172
1336 7912
2353 9325
6751 1526
5561 4058
122 8478
2485 2392
4301 9716
2170 1926
183 1512
5748 1333
3815 6096
1813 5370
7199 565
2303 8753
2233 7468
5252 4580
7623 8599
9868 8909
2238 4317
1383 6904
534 552
1571 2621
3691 109
8096 5501
600 1682
3042 4138
8117 9771
5767 8700
4910 1717
154 6385
1095 5030
9079 8549
732 772
4928 2178
9405 3238
3167 7289
6074 7848
1916 9362
7147 7059
866 2401
9028 9404
2925 7897
7 3180
2583 4037
7594 9888
7124 2741
6170 5105
3434 9958
9984 5734
8420 197
3875 5145
9609 3925
8798 248
1000 7295
5428 6477
935 8825
9521 9632
1501 4186
6339 555
4365 3261
9497 4990
3364 3860
4762 9060
5796 7327
2474 9317
4434 8893
8200 3342
8988 7395
2379 5998
8879 3819
686 6259
2808 8382
7753 7380
6378 9444
2595 7040
5568 8427
2645 2535
4995 4039
4944 5782
3230 3817
1378 8489
1328 1379
9093 349
1937 5691
1032 644
505 126
3074 3516
1645 6551
1636 8802
1132 64
9486 6995
8537 3464
677 6403
9641 1365
7875 7841
6224 5532
7648 7515
663 2863
192 2366
9745 1446
6749 8097
637 1201
1367 6274
2190 1757
696 1809
842 6229
6348 6764
7968 2475
5009 7770
894 2183
2716 7020
9314 7679
8317 9025
1039 4040
371 345
513 236
371 2332
2773 7516
6805 76
7075 1528
6703 5448
2093 1916
518 9139
909 4205
4834 644
2154 6629
2786 7087
459 2875
960 8484
7023 3863
4358 1686
3004 1204
513 2927
3607 567
9252 6914
6819 799
272 4369
205 6589
7955 592
5064 2038
959 2938
1716 3094
2797 2722
7205 1143
6465 1421
1921 611
2112 238
1097 1975
6335 9521
9643 1176
6573 9692
8760 4682
2564 7747
2002 9039
7084 7884
488 3997
9201 1554
453 995
2693 8893
7750 9916
3497 8962
539 5285
7753 9063
1023 6508
5845 122
7819 122
8023 8834
3656 163
8050 5894
4740 778
7719 3149
6823 8282
8686 7302
2438 3539
6579 3177
4343 2962
9567 5068
9190 5444
2329 443
1367 1708
2060 5570
6574 7507
2555 8445
1852 8863
1746 9186
8250 9880
2142 6045
7131 4966
1856 1052
3244 9423
2718 8972
8192 5296
2731 2068
154 4137
9353 5872
1369 3582
4075 4001
1387 8924
511 4611
6043 5353
9212 3599
2797 2670
6793 7138
1293 4297
4462 6510
7186 6670
1839 2287
1784 5503
6054 4049
4446 972
8192 3296
9853 1084
4299 4687
8171 3756
4701 7101
9583 3303
2089 5173
5685 967
7806 4518
9844 5626
2801 210
7311 3257
6060 6650
8265 2342
4215 1770
124 3812
6214 2641
763 2267
2915 6964
4342 2411
7629 436
5406 3793
2560 8317
7418 1448
5479 7183
2906 1250
3712 4290
8170 2024
2735 4806
8665 4750
2438 521
5674 1545
2180 7517
5930 901
6187 233
4356 787
422 7278
7105 5312
586 4733
4 748
2572 6119
1253 8105
115 3717
5820 226
5072 3177
833 7998
956 1189
3857 4085
7312 747
2308 1554
923 5028
3100 6874
2207 581
5088 988
509 4494
4187 6521
467 8757
2478 2230
5475 6291
2285 2751
7045 7405
6041 303
1616 3030
1705 9597
1461 9906
3663 2809
4476 9182
9736 8616
7971 6975
419 1356
3379 505
7750 215
5782 1745
4829 8145
3799 2644
8325 1672
8488 5112
2377 7288
1274 2596
6682 2812
2472 716
7188 4051
3045 6128
2158 518
7927 6774
9282 1593
4628 2964
8910 9839
9292 946
1674 3939
2407 9008
1739 5621
1697 7604
1352 6450
2866 9271
523 6712
4051 6416
2426 7607
5070 2128
9767 5339
6453 7808
7444 1514
7462 8744
7387 3353
8702 1442
8733 644
4699 1679
3529 9789
3126 8168
5759 9925
9873 807
6470 5305
5133 3926
1275 446
608 6280
7931 2400
4853 6055
1330 3880
2867 942
7173 5276
5875 4760
6845 3931
6316 5321
3429 9321
1697 9308
118 7256
9086 5020
3729 856
1583 9382
749 9712
1954 3279
6289 973
4125 5010
4180 5018
675 2093
8227 1153
7907 1645
9204 4113
7281 1894
5448 8689
489 7207
7461 931
7842 5326
3013 9421
656 5368
8521 8884
5788 652
7683 5193
9431 1849
2658 9737
1260 9260
2015 320
3286 9287
6888 8909
9859 1726
2330 620
6743 35
7012 7008
9555 5205
6538 8079
2072 1989
6311 7155
1031 5993
1991 1917
5626 2964
244 1949
2776 5109
5967 4831
4661 9631
3329 680
5160 7977
2787 6098
7394 5175
7579 4485
2651 9273
2487 2166
9711 1955
2031 2820
5449 8029
2294 3488
1727 6731
3841 205
2222 2367
1788 6073
2679 2765
2617 9194
2074 1104
2570 2668
9074 6459
3089 2538
7170 3907
550 6348
9918 3803
4873 4352
1821 7248
8712 7115
6445 2438
7171 6001
7143 4898
9918 916
1076 9066
5655 6090
5569 8233
5096 594
2575 4168
2591 6680
5391 6617
1917 2471
7660 1445
2988 4862
9000 810
4565 2726
5420 1357
4608 7171
2858 1094
6764 7257
1589 7052
1234 8720
8388 2718
6357 2235
5618 3332
3021 2598
1210 517
6517 4479
369 3546
1345 2103
1924 7635
4676 5736
1220 9512
7345 7256
767 483
3008 2319
113 9996
3267 8006
6587 7349
5545 9904
5618 9896
8131 6157
763 3245
7478 4573
5174 5216
32 8466
536 547
5374 6425
3342 1072
2765 1675
46 2657
832 510
9472 4851
786 7809
5070 9448
588 5241
4152 4556
2329 2325
4570 6347
503 3208
594 785
4257 9288
861 4130
8955 5027
5441 2187
9534 4946
1488 7272
85 8336
6651 6088
7943 9404
981 9165
918 5372
5258 4457
7910 3477
2624 5894
6194 1865
7613 1028
4348 9009
2233 6872
1987 5563
6405 3762
2506 69
892 5120
8727 7787
1097 3554
8473 3165
7545 5022
238 1220
1602 3189
1219 2166
3765 6325
493 8584
8608 8704
5752 2244
1766 7325
7006 3084
3747 7614
3354 9149
4603 4290
6846 4647
9186 7387
9538 2412
4066 8370
2685 1959
1080 3561
2024 5583
2911 4914
4241 4124
5650 3023
6270 2714
5420 4106
8052 6427
7442 7541
7174 8930
5043 5700
4337 5725
5919 5866
2344 5106
4854 7857
6667 558
2978 7598
2445 2793
7224 8996
8086 5806
3275 2408
4358 7082
6930 4197
668 2691
1626 1025
342 6331
5182 1407
7066 3316
4295 7559
4292 1079
5839 499
4864 1008
9050 6539
2490 268
2711 7043
5876 1973
4643 8963
5288 9421
7808 1879
3599 7226
132 296
962 7377
1300 7996
5167 6278
8706 6409
6829 7570
2420 8912
387 8326
2440 8071
6215 4655
8693 2055
8499 9226
8147 2312
4988 138
1182 5337
5397 1944
3719 1268
2881 3803
2987 7649
1977 4488
3240 3882
4829 1995
7150 5776
3390 247
1522 1868
3867 4474
2265 2632
42 5189
802 223
1738 5354
7957 1745
2278 4246
7307 4604
1676 6450
381 920
5103 3316
6146 657
2747 3644
9283 6603
9991 2140
530 1281
8047 2886
3835 8510
6098 1277
2089 752
8937 293
9579 7721
266 8092
5513 1880
9739 797
1394 8423
891 7458
8135 5558
2926 6442
2462 2505
7815 1020
1695 8878
939 3227
9891 3953
3763 4394
8415 7331
2338 3122
811 8872
1352 5697
9879 6656
1814 5269
5552 3608
1651 7098
8544 7698
7295 4496
8100 4658
3222 1536
1410 9211
2615 3472
1930 8825
6101 773
5884 912
2813 1113
2490 1941
3497 7534
8880 8940
533 7394
7393 2754
3968 675
1940 7099
5670 6548
8159 5375
4075 8288
7458 3280
1034 6238
295 8591
447 2134
9224 1663
4658 8948
466 6506
1701 634
681 3492
6415 4875
7532 4973
5931 3189
7051 8538
5754 3214
678 8726
4208 2435
87 1301
974 1548
5874 1545
107 1220
1164 665
3448 1480
6666 4974
6932 7518
4844 3216
6798 56
1594 7745
8825 665
2301 4935
2069 8055
8705 2688
8955 3393
9241 9938
633 1299
7332 6049
9887 9032
3055 980
8185 5440
6331 2585
6126 1730
3392 1304
2440 9923
9586 8614
8213 1847
4739 2267
5325 3735
6905 5302
7925 1604
6257 5071
5028 331
2180 8829
3332 3130
5945 7657
7451 2193
5244 179
3258 6141
2510 9092
918 8865
3756 7956
5621 342
9412 9116
7515 5861
4949 4670
1158 1298
2166 1796
2599 2587
5706 6679
5490 2096
3347 9425
487 6054
2501 5892
5506 3575
844 9900
7695 8685
2432 1747
6851 6943
2760 4356
4055 9146
8589 7266
5734 4963
4929 1657
5833 2188
6511 1989
145 5
7396 4226
8885 437
4974 8996
4316 3417
2900 9033
8893 285
4487 6027
6437 1769
920 537
5481 8477
1354 6857
7468 6112
9432 8183
644 661
3738 7217
7048 7487
2692 1990
3820 6167
1152 8828
9873 8843
3950 2705
1910 281
2104 2436
4884 429
4187 9429
1912 615
8387 1114
8146 9280
261 1348
8062 8638
5379 3186
2992 663
7996 9092
7126 1475
1762 7554
8329 2980
5120 7421
3107 4394
780 5446
6967 7858
2553 2015
1358 5263
4304 6703
1054 2796
3392 7578
3168 9697
1667 783
7969 9444
4531 5587
5753 2001
6381 2943
107 3821
5540 2294
5660 8520
3785 7898
664 8945
171 2959
4177 1230
8105 9727
3753 476
31 8047
7234 6516
4449 6498
6243 7535
4913 9053
3470 2491
2359 59
1600 2078
194 2258
7865 426
3242 4390
3757 7906
3655 4444
8618 7500
8263 5282
4235 2695
12 2077
1116 7487
581 6882
8046 4127
1455 5209
237 630
3130 7871
6241 9486
9296 2091
370 2521
9044 6196
7231 7212
1016 9568
5281 4928
7633 9600
299 5318
1167 9274
3557 7339
231 1319
5114 2205
3395 63
2830 1517
9902 9873
5124 1573
7224 2392
14 2924
1633 1882
8038 7591
2723 642
2653 7315
4080 4513
2947 768
4414 7392
118 976
2416 329
686 8544
9672 7767
3144 3814
9961 7931
9153 2124
5282 1905
2150 6092
295 7314
170 6333
3410 9194
8808 4796
1547 6381
1913 6958
8675 8934
2551 709
1159 1728
1203 2641
611 4457
965 201
1141 1204
5202 1483
4468 1357
8322 3888
9329 5026
6355 6211
4636 1504
2472 452
1754 5468
1206 8359
7029 84
3888 722
1029 6165
2913 3320
6238 5485
5659 1391
4586 2755
1645 9945
2712 7926
2426 5585
9108 2084
2520 3796
4890 9229
9190 2002
9733 6566
3570 4932
9485 4546
6121 2609
8209 9886
2496 7660
9040 5419
19 9344
9214 7410
60 9903
6565 8003
7942 631
554 8383
1634 6678
2354 7079
5162 1807
6597 5604
484 3197
2978 4168
8058 8136
1123 1972
904 998
2897 5276
3653 9587
2795 1128
1829 9236
3348 7196
1773 4809
667 2187
5401 705
9374 5143
1708 9634
1233 3036
9398 5161
1372 2782
858 943
9811 4335
7824 5229
8618 5286
4056 593
3640 2701
1537 6849
1771 329
4873 9615
1453 1823
1493 8286
7990 1029
2499 7124
1377 455
4798 6625
5459 3436
3570 6543
6554 4488
1681 4970
3938 4898
1078 8241
5070 8217
2503 5438
1941 5906
4384 5650
1002 8453
6318 7317
4400 8794
6328 1629
4238 2286
4373 4412
8496 8394
3130 6159
2479 5
5171 1396
1826 9
2453 284
4788 7668
2321 5954
6423 7184
4267 3690
3481 1604
3323 6717
38 6172
7107 1300
1407 247
83 3603
9594 9136
6058 7352
9258 6832
4190 9476
1104 5729
8270 6346
9970 5574
7317 373
251 3865
6369 6383
835 869
9157 1967
9424 2885
1100 8306
5020 7196
2624 5837
8634 8055
6762 3394
1876 975
6138 6898
3062 6388
3737 4530
2176 2055
7020 4464
4312 2102
4892 6552
5550 8670
1972 1266
7844 635
2459 2846
2222 3284
8659 5475
1350 7829
2001 3892
3092 8508
2686 7909
1452 5528
1949 6508
2439 2831
766 9483
7494 7264
9154 1661
3428 7496
8656 2143
1980 4808
456 3601
6236 7030
9126 8973
5944 9283
6424 8631
4514 3870
5939 7781
3112 3143
5588 4129
6174 3686
8323 3245
7310 1165
6364 1047
9117 3739
369 4845
2672 3
3946 1122
6366 4252
3695 9970
7544 7994
4263 7570
2758 7101
578 43
8420 8440
5220 2185
3805 1541
6498 1823
3735 3143
3314 6990
9504 5551
1470 8949
3222 36
5210 3370
9693 1901
8007 6970
8204 5984
406 7006
3289 2769
8945 2015
3607 9843
3766 6267
9069 2306
8069 2312
905 7908
7452 873
325 2221
7825 9519
3864 5170
576 7409
6608 4225
1974 8431
9678 1727
6557 8947
9346 2113
424 9273
7370 2224
2034 3216
6245 1334
4546 65
2653 7694
5810 7024
5092 3099
2336 2642
8989 7655
9796 6014
8047 1072
4243 9366
2342 5678
612 1736
250 2599
7601 1183
2564 2438
416 8976
8462 8506
1714 9762
6970 1179
3307 1645
3398 3139
2804 5430
9918 6186
2206 3834
1026 7890
2200 3050
4570 4740
4514 2197
328 3899
2866 2604
1741 1023
2727 1362
3854 9301
1325 8802
4312 725
7216 2806
5378 123
2373 1557
7666 5907
2261 7388
338 7423
1963 9312
6132 2267
8096 723
2756 1907
6276 7718
4381 499
6832 3902
6639 9262
1098 5610
6528 6211
9929 1523
1712 1901
4618 7412
177 3946
5074 6141
6854 3551
1157 707
955 6362
1846 7882
4022 1960
7695 6197
4125 2600
4020 6461
1576 2303
8563 7937
5160 8429
1726 3453
9160 1920
4621 3182
9555 6647
2573 8660
1991 7450
6142 3577
968 6041
300 4417
5623 5618
187 5971
4308 9975
7929 1847
6738 2399
1678 3488
8683 155
2471 8892
5027 1996
8964 2841
369 4035
1806 6458
7707 8665
4781 826
1186 2304
8649 177
7902 3881
1088 1525
7963 5560
1783 4739
7972 9125
2676 2062
5262 7845
9915 7
4393 1240
200 1389
1346 5348
3245 2919
2044 4034
908 848
7393 8135
9975 7953
1748 2278
3701 8374
9512 435
6696 7226
2742 7659
5293 644
4459 5475
4164 4678
1184 1598
2385 9315
8142 4579
4177 6066
818 1534
2625 3056
1229 7430
6940 9642
3055 1935
67 283
3077 3201
4434 6035
753 7704
3697 1081
8297 7933
5976 7122
9874 613
3846 899
3342 6633
7012 4099
3155 6438
1237 7892
9567 6069
7329 84
4873 9582
9266 9279
5242 600
3582 8071
555 2868
4631 7942
2960 9323
5696 1731
2710 4197
6113 4212
6457 8396
2044 7091
1497 9616
7856 6820
670 1916
4046 454
6954 6473
810 1176
8445 4130
7844 9341
8479 6823
5272 9587
4329 2966
6019 305
8021 2790
2216 2815
6695 3206
9154 2522
4364 4774
1258 5096
5267 9284
7882 408
664 538
8483 8350
3128 7269
1580 8798
4162 537
4301 5399
2443 4164
7531 6515
4677 5200
3924 9595
193 9149
8877 5279
5282 1215
26 6231
8244 3395
1983 3172
7917 4231
7572 5898
3891 1643
8734 4498
6094 6115
1900 251
9807 1902
8702 1441
400 3068
7277 7393
4478 2459
4103 4891
1093 8306
8714 4761
8651 9762
9075 4911
1168 5610
9335 2708
6724 6395
8369 7440
2234 5723
6989 1110
7547 7149
7589 9108
2382 3632
4283 1144
2310 4119
2838 5526
7485 1017
7840 6247
768 4810
5311 9204
3418 5562
9298 8691
2853 4348
4671 497
4926 7130
9994 4897
2025 4551
136 4340
9430 1429
8453 5737
7842 4328
5443 8759
2384 7147
2197 41
265 4177
6427 1497
3746 575
3422 2016
4893 7544
9710 1180
8755 937
4537 7859
3761 742
1871 3208
896 2132
9268 5388
4921 9736
166 3574
5336 96
5312 982
9744 5489
6047 1878
1776 9969
242 178
7925 6
5143 4410
9920 5038
4051 8965
201 1568
1746 888
9444 8707
481 2568
7091 3438
4839 828
892 3328
2219 7703
1501 49
7378 612
445 3128
8728 3394
8420 9438
513 5282
9629 1234
5168 3743
5723 2095
5528 4430
2747 9724
1809 8006
9289 3282
718 1553
2453 5907
1148 2627
1990 3912
4285 5371
3231 7804
9350 2903
2546 5528
486 7997
2403 5854
3256 8744
1630 8298
6874 6592
92 6581
4479 8989
6145 8028
3106 1420
8425 6961
7373 3667
133 4048
216 162
6928 1813
4085 6506
6168 1644
2076 6931
8841 6361
7955 8777
8923 3673
4560 6470
8543 9048
1218 8294
1989 1188
733 742
6067 3986
2132 5294
9009 2176
6507 7473
8872 8571
877 7491
2076 3138
7420 8331
7319 7514
2104 9673
2761 8164
9714 6105
5709 1420
721 5256
5309 7186
4677 7238
7640 4542
8169 7469
5859 928
9614 3362
6942 1558
4710 5705
1688 7346
3774 1389
9526 6907
5584 3825
5232 2627
1352 2176
5276 6360
3189 1932
4288 735
8370 3269
4258 1790
4198 3944
7618 456
5577 2362
634 9855
3768 3717
7188 2516
3514 4403
3229 3267
4244 6344
889 8206
841 469
8711 2134
326 9705
1270 1921
366 8603
7576 1720
5970 9494
918 7360
3859 5348
8916 8140
7738 3422
6615 8881
4136 5842
3972 2618
5433 6135
5674 4189
4671 2477
3555 7069
9804 8216
5527 5585
7104 4879
7026 389
9668 9920
6551 9152
7973 3366
9605 1158
2277 2205
473 5887
8255 8821
7843 1048
9706 8661
2461 4616
4448 8802
666 5093
799 2593
8796 8552
7375 6681
889 4990
5749 2045
2238 8096
7623 2104
6596 9254
2849 4009
6194 2200
840 1090
9779 8549
7422 2107
9354 9975
9669 220
3139 198
3990 7291
4204 8556
2324 467
5220 4473
6173 950
5394 5673
6561 1891
6025 5602
5350 5499
8139 162
1979 5041
2491 9641
2140 8449
312 7202
3877 2147
1223 4744
6027 5023
7343 5319
983 4562
9387 4464
1636 5506
7595 9809
9195 3231
5645 6212
7180 9899
7595 4103
9648 6011
9236 4444
6157 3454
4527 5218
9578 4637
7404 8387
7828 3988
2430 543
4736 3009
3303 5114
1569 5610
114 4881
5052 8499
8215 9923
7242 1456
10 333
1407 5672
9349 1446
6041 1147
8119 2157
3322 5157
4717 9151
3514 1715
1680 6846
5622 8949
2959 2174
1373 2181
1150 18
3245 7480
2575 8406
3178 2674
6064 3310
5471 1407
2710 3663
4328 9343
5833 7068
2318 5809
7807 7893
4244 1219
5933 1595
5267 2937
4891 4230
3489 1628
5832 5258
6311 7365
878 1703
1362 9851
2294 545
9641 9705
9743 5248
7825 8579
3180 6520
3358 3338
6332 8299
7148 6541
8494 5837
7645 163
6179 5465
3555 2455
3446 2627
831 9987
5818 9917
2443 304
6004 2157
6838 4461
6953 415
6542 1486
1528 759
3890 4663
3259 4122
5320 5513
6826 5374
4621 459
7216 2895
4251 349
2978 3363
9584 1818
638 5984
3037 6844
7584 8556
7867 4212
1387 6214
4757 649
1942 9251
946 1344
2100 251
1665 4222
8089 6917
5947 9371
1705 6368
1459 5863
5875 5156
6625 3969
9119 2904
5727 8837
5428 1061
5891 437
7869 5291
5487 3516
7949 7907
6677 9583
5216 6100
6751 2549
835 1930
8190 6008
1127 8564
9793 9500
9442 7677
2201 496
6663 7581
138 6675
9319 5744
9189 953
72 3128
484 1950
7237 7391
3892 7450
2742 2223
954 8629
1617 5557
1344 9660
5809 4995
911 5557
6214 1509
6145 4560
8141 8679
1863 6239
5970 5125
1160 3751
2211 5267
3003 2679
8886 6510
2215 8729
2590 3699
7849 4391
2842 4926
4983 9791
3855 9541
6899 4890
5655 7526
6177 6729
2809 5998
2460 2737
7323 5404
325 7001
6278 8390
2270 7921
9977 4362
9158 6309
1521 2279
5286 7250
2151 3613
1036 7737
3913 610
9653 3842
1390 1975
6833 4978
2164 2171
3297 4096
1181 4766
324 7972
3114 3704
4547 5377
6213 954
7353 485
4069 8709
4311 1183
8574 4411
2087 9472
3480 515
4271 9781
6738 1392
8840 4692
3781 4356
8944 4804
7805 3377
4381 1346
8566 784
6531 2082
2995 2742
4551 3427
3621 7636
3013 1189
3609 9326
3071 1151
7827 6094
4583 1100
1947 457
6976 3126
1317 9154
9935 7607
7157 5086
6375 1979
7330 4808
1958 6090
2650 3702
3626 3012
1334 3772
5448 4989
144 4047
4046 796
2770 2556
5927 9983
8657 8602
9439 4945
3434 9390
1080 6271
3356 2958
2540 3831
1878 8247
531 8177
9970 5954
2568 6226
3378 1893
4407 5167
3530 1783
4650 6608
7438 7942
7909 6869
3741 1708
1246 2221
7646 4558
1457 8356
7450 2039
6994 3804
7995 1941
692 5680
8371 9139
6186 4693
3072 5143
6956 1490
3279 3884
7948 8658
7038 3122
570 5991
998 4869
8069 8897
6473 1452
7810 4143
7416 5522
674 3445
4776 4026
5151 9727
966 6575
5479 213
3209 6730
3357 3055
5831 6456
3820 4427
4554 9034
3757 7068
2852 2398
7931 1861
1281 2462
9461 8775
925 9656
708 3400
1862 6542
2589 4165
3330 8031
1033 6456
8196 5462
8147 7213
91 4817
34 8802
9051 7749
7752 3613
9728 5055
3978 9875
3984 46
8929 1813
2577 8832
5503 29
4971 6058
422 2171
2431 5260
3014 41
4681 5747
4598 2341
3585 737
5013 1312
4600 8634
9873 5698
673 49
1704 6336
4270 5027
4701 449
1133 9425
6893 6030
4834 7508
338 2408
4934 6460
7784 1150
8160 6522
7486 5070
9076 2430
8463 6124
4121 3891
641 6114
9968 9338
7262 2055
673 5525
2306 9058
2280 7029
1828 9808
1024 3125
9993 101
4430 1817
8516 1216
7442 625
4786 1361
7945 7330
9046 4815
1079 4087
7616 1445
7747 8564
3620 2478
9507 795
6008 1345
4170 915
9613 6110
3663 3510
8546 425
8671 7961
741 5238
1878 961
1516 9894
9578 2084
6707 3601
2249 2622
8790 9301
2148 2581
4402 3229
395 4623
3271 6501
9115 5107
1904 2621
646 4861
1126 3421
642 5206
642 1160
5828 7731
5890 372
1982 8092
350 1641
4951 192
1963 8311
5466 8231
5583 9037
3506 1928
1366 7511
6356 7309
1013 1672
8717 3444
9901 9081
9182 1382
9522 8800
805 5037
5933 1828
94 2130
158 1663
7049 5861
8134 902
1390 497
8260 7574
5086 462
5231 1151
9292 7209
6067 229
2397 5585
239 3956
1131 2467
5502 8148
5024 1513
7333 3245
4081 8494
6973 9341
2488 4293
9808 2215
1607 7419
8650 8383
9162 5273
9608 9684
3788 943
6852 9900
2285 8750
9012 5622
1954 4724
127 8300
8317 1389
49 168
2735 696
2289 520
219 7448
5457 2261
6429 5180
5318 8416
8603 9778
2442 9166
2635 1095
8270 2470
3989 4929
1827 7144
9578 9793
7290 1297
1061 7267
1082 1932
80 3160
8883 7387
3579 5654
3361 5462
3097 1950
4723 9267
8523 7455
8716 6678
17 5001
4810 8827
1965 20
5797 914
8859 9602
474 3818
4175 1810
5097 594
5997 7830
5723 7836
8142 2072
9464 8338
1313 9576
5672 7165
5649 2921
3848 7556
2582 3677
1616 34
3982 4446
9538 4812
1581 6991
3813 4417
1891 7746
1028 306
8365 331
1361 6099
5566 9924
6749 5667
7712 7426
4860 8521
1717 2553
292 3695
3907 4588
647 100
48 6999
7634 4972
921 4016
3797 1819
8985 6171
4851 5171
9225 9965
2236 9353
5283 8035
6938 3246
315 8549
8568 4381
7312 9397
3706 9712
1727 7180
57 3832
7321 9303
3405 6861
5286 4717
4800 6626
3546 1013
208 5853
4775 6325
1605 6646
5571 8062
7717 5133
9612 9671
964 433
793 5494
9552 9551
6242 118
9276 1751
9667 278
7210 1429
7245 2350
8015 2382
9741 3496
5010 1273
913 4380
8917 7201
2488 27
1047 1944
250 2273
4104 4238
1064 9557
959 2642
6277 8515
3929 1785
2565 2748
7075 7885
6293 8316
8057 8967
3979 1516
4208 9679
7695 9384
433 2115
5402 8484
7623 7015
3805 7051
6860 1836
3110 2057
862 2212
8655 3929
9224 3733
4807 6833
3598 4764
6086 7069
6360 1971
7051 9193
419 6502
407 7507
7540 2659
6991 9120
4111 3009
7086 8382
1527 66
5226 137
2631 2507
8824 2674
5488 2035
194 2717
7812 554
5512 1210
7778 3325
4757 87
3299 6503
195 4132
9509 9210
481 7686
4213 846
9988 2624
4450 1481
3484 2703
6672 3264
1929 1973
5403 1308
1373 4488
5020 8609
2084 5324
6753 667
3441 9518
1239 8234
6202 6626
7963 2319
2408 2768
2066 6935
3175 9818
8166 504
37 4258
2130 3546
41 3802
9535 8040
8769 763
9264 6694
5777 441
74 742
5528 3943
1369 2966
8965 6039
9647 2715
9850 5781
8846 7012
3168 4757
2024 1736
4812 442
1349 5138
4928 3816
3573 8894
6116 2988
3318 212
727 2347
2424 4933
6753 9880
2319 8531
3179 5402
6425 230
433 6509
1697 2300
4486 8680
3267 8880
1049 8655
6481 9151
2519 2425
5557 2407
464 3749
1464 1745
767 4968
3602 336
628 3914
5922 3786
6004 4195
8049 4871
3396 4800
6499 7816
273 6506
4254 8585
836 201
109 2186
1204 8180
8647 4522
2173 2924
1180 437
6655 9754
8527 7617
3978 3766
3818 3075
4297 3882
1087 8519
220 566
6171 6831
3370 677
2464 9371
1270 6448
1859 1866
5234 7153
1122 8592
9377 5995
2522 1993
546 1832
4472 3150
9706 4451
8079 69
3536 9607
2762 461
5695 2087
4066 6410
6312 1776
2194 7165
9990 8828
7321 6840
9622 9096
9151 2609
6294 1272
3212 2069
2589 5546
3830 2415
1260 9352
7817 1161
1668 5730
2651 162
695 475
7808 1872
5795 5139
3932 2536
3485 1605
824 9548
5242 8513
8487 1972
7684 9901
5240 2880
1562 4456
4110 3837
7097 9151
8111 6534
6330 8595
8218 8957
6636 9674
6525 9562
8212 2550
7750 691
8785 2947
5432 685
8197 8052
10000 3954
1617 8625
2104 435
8704 1338
715 2175
56 2895
2778 2933
3788 994
6511 2823
8245 3693
2545 9616
1345 545
8839 9783
700 14
1248 1972
8751 7882
2450 6002
9479 4252
3266 8997
3880 5416
5859 7903
7985 9696
7138 9822
8305 2168
5234 7911
8026 7674
2467 3193
981 1036
1977 4299
118 3871
8810 8920
4097 1849
9719 205
7661 9189
9695 8319
4953 7898
5184 594
9276 7033
5247 3224
2769 3339
1674 2246
7331 1291
7165 6942
1525 6223
5362 4440
8470 5644
2924 2530
8354 5786
5269 6058
6940 1446
3862 249
1179 904
3912 2
8402 9684
2665 4651
2533 2180
8241 4028
2521 5350
5173 4070
1547 9218
9547 6742
500 9295
9903 361
2571 9206
453 4930
7563 9094
1441 6586
8742 1306
2388 519
378 792
919 2176
7108 2812
5229 3328
8803 7957
4836 6042
382 7885
1900 7916
7032 1614
2027 998
7490 835
1744 5596
1394 3037
7910 8458
3523 7960
8843 1177
3533 3565
5810 2127
166 4105
8055 7627
1929 2814
3233 8113
454 3768
5980 4850
1130 7763
5847 5745
8017 6923
731 7009
8073 2548
1950 2483
5561 5099
1095 5646
9506 9580
1875 1855
3380 3077
1718 9044
2660 1995
646 1028
9420 396
2165 3538
4707 7429
8349 8001
8751 6324
1361 7225
7785 1425
8209 1834
4592 9
7614 545
4945 4939
6847 9737
4277 7031
9108 2644
6139 2098
1625 2090
6327 4975
8717 145
219 1435
9091 3886
8453 952
5464 7243
9561 7373
1143 9642
49 891
3690 8824
882 6883
1041 5173
2849 4182
8231 7059
9750 8093
4995 6860
5455 6699
9021 2714
8968 671
5298 3313
5578 3630
7226 7168
210 5392
5639 3896
9987 2394
8032 6379
7822 5484
9664 1354
6017 1964
2217 9400
6957 547
7244 1922
2477 1206
8813 2227
1732 8856
1234 7218
5510 3630
3181 47
4314 6083
859 5311
4926 1148
8939 3748
7884 879
7731 4192
7628 9792
3775 3115
1769 92
7436 4883
9992 6122
8949 8772
8134 8078
9899 7561
562 7744
522 8033
8075 108
7465 5621
7851 3003
9826 6104
964 6034
8995 8928
5690 7994
9044 1829
7041 192
5067 4376
296 5517
5404 9846
3879 489
260 92
7205 908
8792 3453
2701 6501
2090 354
369 254
6460 6034
271 5055
408 9058
675 7186
975 9342
7870 9911
3904 56
2614 9913
2043 3120
2446 5537
5559 3286
7143 2810
7121 3276
5478 4356
102 3295
1016 7181
8034 7991
9556 6572
8730 9101
7216 3360
3175 5789
8199 1145
6452 2604
329 9045
2315 5372
7859 9342
7770 4941
704 2354
8059 1878
4240 5603
8372 2020
6329 8975
7789 6610
5883 7587
1152 1834
9640 28
8838 4251
9748 8622
3951 3724
6521 4633
7553 6319
222 9784
4838 8345
7913 9356
975 8274
7362 537
8046 2360
8699 8350
2386 1161
2397 5163
6372 3824
900 9918
6274 2447
317 9903
9145 8911
3967 2077
1448 4788
184 3111
8979 3348
1257 1152
5893 6120
9301 3981
698 3940
214 6161
5308 8324
7249 1963
7356 5432
4714 3902
4451 2738
1019 914
746 6381
6833 8761
5575 2544
8936 1172
8376 5283
9081 8758
2421 6482
2288 7433
7713 4639
2658 3552
689 6652
4671 6253
5809 2506
3429 373
1923 2124
7973 2112
4505 911
1754 8517
1093 462
982 341
5487 3281
495 2406
823 7829
7403 1380
907 3362
7512 2579
5019 4873
2207 6360
6635 1917
3546 6937
2361 7780
6147 7858
6607 3837
9519 1625
2587 2356
6907 3668
5966 4723
469 8777
946 3276
735 214
6368 2805
4879 1746
2672 9122
5178 3444
1777 4329
9571 2115
1788 1522
1054 7038
276 3678
7850 3117
1457 1146
5070 8727
2510 788
9203 6533
7759 7805
1683 5623
1687 3919
96 4310
2073 1872
7751 4265
1917 1432
1863 9180
9653 7039
8749 4142
4704 3819
4162 1705
1455 9929
4375 5928
3783 6442
8287 788
4118 2112
5727 4895
7657 1448
2657 9973
3373 4074
1871 1183
933 3167
6014 7850
9452 8195
8600 2024
587 363
31 2550
2525 6441
9807 4045
7185 6605
9011 5868
2463 462
8891 3686
2111 2857
8988 4888
5238 3017
25 1086
9746 6041
1777 7063
5337 3494
3288 838
4589 439
6730 8330
1426 5825
6893 1920
8851 1062
2359 5319
8658 2831
7744 2180
8846 7706
2441 4424
2522 6165
781 7535
8012 9275
3063 2201
6579 1614
6036 6335
7645 4967
2458 7102
7271 5098
7241 1224
9190 9549
705 6364
2614 1066
2165 6162
3169 1042
3295 3163
4131 8389
483 8616
1355 1424
6248 7866
2036 4806
3380 2634
9428 5890
9575 7211
9829 1451
4700 1996
4578 8361
8891 3746
7668 7191
5346 2550
6351 8938
1526 2139
7926 3665
7092 2482
6902 990
1868 7873
1218 6564
5169 5617
8346 3408
2906 7911
1217 9485
7501 1574
2895 2051
3148 355
3973 9568
1024 2793
1167 8490
4038 7134
286 1683
8039 3958
3287 1341
156 5254
8758 6720
6258 7835
1543 1515
1434 444
5910 2903
8884 2893
757 1730
7709 3830
5102 2267
3478 6708
4666 5049
9127 2078
6546 1232
2372 6858
5108 8566
8271 9489
3336 5283
5887 3600
4898 5224
8303 2497
6267 5586
2633 7257
6284 1231
9893 1027
1450 1232
5836 1405
4328 3295
322 1185
6089 1283
6916 8904
1238 7009
1998 2042
2591 1365
2768 1128
1333 7810
9122 973
9767 8822
1381 498
795 8177
5020 9714
1296 7048
6235 7902
7441 629
2543 4049
8956 7137
1806 2342
6516 341
656 5289
981 2557
7230 5931
4198 6335
3658 4762
6243 5770
5535 9584
8187 3985
9802 7947
807 7706
6122 1741
4493 8243
404 7781
7540 5349
7722 3326
4520 4955
3885 6358
8080 20
144 9121
3886 3351
1375 6431
647 2535
8816 8780
7252 1095
648 9158
8504 1375
3025 4068
7475 5584
5451 8709
9350 3269
1425 5303
5864 3802
9325 1593
8585 5089
7391 9107
1221 739
3129 7764
283 8788
5487 716
3822 202
893 7067
2491 2559
5017 1626
4348 1429
6155 4073
7021 6729
218 1784
1598 8091
8777 3786
2312 9277
6465 8199
9603 3099
7777 6993
5878 5450
3124 857
8000 259
3570 6307
1528 1473
7945 3991
2880 4505
685 8633
1072 666
1949 4651
9808 2822
968 2177
4196 3200
2640 6006
95 4358
30 9870
4978 7008
2615 4731
324 6777
334 724
6726 206
9273 802
8503 2869
8600 8061
6070 4656
5011 1383
1782 8482
1555 5223
4295 417
1732 4969
802 1164
7065 7523
7477 8127
5393 3467
5600 6293
841 6151
7087 2717
5938 69
3689 64
1924 7245
5544 8450
6642 6756
314 2119
3120 3362
7783 3593
5635 3126
3028 6727
2985 1368
6696 3647
6201 1023
141 830
3371 2101
1193 5911
2026 9863
9645 3427
6841 5825
7070 6441
1861 3914
5234 9039
7945 716
9421 8335
6791 1351
7885 2508
8822 965
5539 7511
3095 6961
3459 8973
8669 2836
8285 8564
8331 1089
3549 1318
9232 7122
6112 428
6225 6065
6808 2799
2470 3387
1857 6587
952 3346
6917 998
2536 3395
2029 3839
1908 3672
2106 4794
4406 3534
7187 6859
29 249
9615 3120
9136 902
6021 1316
8608 2017
9570 6290
61 3929
8395 6007
8876 8417
5940 5707
1784 2184
6544 1393
7319 843
1369 1692
9646 4121
1842 1620
7303 2216
2492 6474
6289 1686
9734 2953
3961 642
4025 5117
6552 4108
9154 6121
5709 5931
6737 3939
5613 1773
7346 6338
9016 2068
9737 251
8685 975
4084 8312
9185 854
3868 43
124 2139
8076 6594
7780 1949
4948 1451
6399 2142
9376 1097
8834 855
5365 1255
2767 1355
588 6717
2767 8234
2739 8689
9980 4151
8095 5343
6947 9467
1398 1820
8696 7979
4221 2599
570 472
3085 178
9288 998
4955 2512
4484 3759
6616 4239
4455 2104
9238 743
7653 293
9100 5171
3379 1225
3180 224
3478 3120
4243 6980
2525 304
9233 1506
7218 9116
3450 5514
6301 4556
8604 6582
3898 2506
8482 7730
3276 6110
6920 1275
529 3100
4591 8892
6728 684
995 5108
9441 779
300 2796
4596 4960
3762 5720
2084 3618
4260 2701
981 8680
3691 9698
7164 560
8762 5897
8758 7444
6841 3039
7100 3273
8179 5602
3733 3002
6620 5091
8812 406
6199 4796
6516 4245
1878 3364
3913 2544
771 9696
1033 5682
5935 124
4915 2521
8458 2859
126 6625
5634 6475
845 8564
3103 6541
6097 5098
6414 7140
8880 2167
76 3995
9589 9670
4471 6123
6456 7296
1439 3789
8320 2626
8946 766
8325 1981
72 2065
6299 8927
3980 1129
3020 6787
8572 9510
6917 5876
2931 95
1940 9688
1573 7970
2048 1963
7547 1400
4009 2105
6224 524
7170 1952
3146 4701
9116 1972
4845 7986
4821 533
3212 8414
6497 1359
5298 5029
3447 7921
5537 1277
4672 6032
761 5320
4587 8300
5002 2929
9717 9570
6589 3701
6071 1924
2384 9652
5088 7287
5521 7815
8468 6843
9789 5461
1925 5760
5497 5713
5410 3031
7025 6038
8765 1558
3055 134
6529 5073
5854 2926
4499 9589
2735 3678
3208 3414
7324 7977
7352 1084
3579 5304
1409 8009
2518 8499
495 1838
121 4130
9451 7759
4235 3745
3682 6692
8768 8595
2423 658
1470 9944
9819 7657
6366 3538
924 4814
2054 6676
2028 6588
9237 764
3043 5095
8094 1171
9480 1506
3321 2178
6380 9569
4662 4567
503 225
2484 1304
5447 4343
8337 7175
3222 4870
5154 5687
4027 965
245 2926
6852 2624
1445 1692
4163 1149
2798 4523
1158 2274
9058 7239
6700 7910
3692 7151
8084 3781
5826 6492
4008 168
8064 3522
2794 5156
1043 8022
5950 5921
690 8543
1801 6382
6196 447
9720 1203
798 4243
9427 8952
7260 489
7843 8676
3523 6482
5826 1816
852 2344
675 8621
4611 4226
2706 9739
6408 2230
2588 7420
1766 7214
8466 9584
7146 2110
7130 8434
1382 3428
5959 7482
1055 1361
1402 6981
9780 7719
9208 8850
1120 3604
4942 9406
2594 7470
9363 3747
6202 1023
9533 7948
806 2804
3447 2316
7759 2784
737 6304
6190 9814
200 6642
6147 310
1432 9919
2135 3431
1487 7771
1695 503
3235 8676
3444 543
791 6836
8577 5371
3770 6443
893 3816
2193 7500
7466 2366
1814 1958
7517 5776
3216 2502
5903 7121
3381 5500
3683 8058
9230 1531
9145 2602
8906 1797
2018 3677
2789 4262
7653 32
4746 5519
9602 6163
2391 887
1669 4543
5792 3453
1708 3867
8310 6736
733 1530
5162 9250
9874 6215
7853 1451
3238 9412
2233 586
9989 6207
4469 2417
1822 5254
3301 2546
252 396
3345 1060
5574 5725
7799 1899
1300 5742
403 2151
4243 7064
8846 7611
1274 4391
2244 6145
3550 2542
3194 4380
9683 413
1024 6686
980 3382
2740 4107
5124 8940
4903 2205
2054 1645
9892 6554
5642 6002
9422 3315
7082 1044
3433 6238
804 9249
4444 9830
88 6319
5925 657
244 7681
2653 9123
990 3944
3294 7698
6082 9931
4690 1337
3789 761
1054 5888
1977 1118
8607 5932
5865 1813
7619 5539
6504 6558
3196 2323
4365 8864
4256 6115
7010 9568
2868 9082
9221 1331
9355 2799
7342 7840
6409 8304
6658 857
7197 359
9896 4971
7279 8538
8714 3204
4261 9602
1534 7797
4396 3502
2165 2089
8949 2201
9363 2277
4030 8745
1777 7119
2243 3642
1008 7316
4309 5786
5279 2436
1162 4102
6878 8849
2532 9733
6947 8377
5910 8963
9709 3551
3413 1617
5240 625
4924 4043
4577 2181
3506 5898
730 2213
207 2603
1535 414
5949 9295
1306 5331
8252 8772
5524 5911
312 949
1693 3211
9279 6142
8894 1812
4462 9442
6845 3969
6795 8752
578 1995
7512 1155
727 8541
6726 9578
1268 1063
9433 9943
2364 4862
9627 4171
8018 6726
6035 4754
4512 2914
3543 107
7610 5211
5071 3659
3438 6032
6108 7122
2110 141
4505 7966
8546 6287
3905 5375
4903 3366
6177 1675
2045 7372
4447 2082
7200 2037
2268 8244
1236 2647
9270 1810
2263 6557
545 1011
4049 5590
1334 9160
1807 4147
4556 5378
3537 9426
775 2786
2256 6068
910 4033
5444 229
3265 6273
5493 1693
3819 4116
1969 2434
9492 8651
3309 7761
9498 2770
2607 4141
7874 9626
7420 1718
8281 5271
1021 4654
8832 3819
5495 9784
1671 1090
1931 7362
6328 4192
3211 5717
1576 6200
4478 6714
5866 1711
7398 6448
6629 9648
5616 4203
822 4192
9052 5198
4073 6821
2286 3532
964 6931
7443 5307
8740 3591
6840 5419
8045 5271
5784 8774
6972 89
9108 7560
815 4052
760 3809
1639 1349
2780 7624
9437 514
4696 1570
3635 3108
5659 4804
5292 2560
510 8069
9550 4038
4244 4839
5287 2622
8229 5704
1982 9744
6635 6996
9851 3491
4749 9517
5850 1481
2538 3437
9900 2697
7464 5227
7519 1740
2670 6541
8559 2059
2222 3677
1004 6073
9719 9855
9086 4110
8986 7682
198 7491
9339 836
3719 5989
3067 2347
5589 8180
2068 5538
8093 6827
7284 7968
8517 1461
9117 7840
7205 4301
7996 4076
1622 3398
345 2954
4634 1277
3310 1596
1917 188
3772 5923
90 2257
7306 2948
497 7950
8352 542
4055 2673
275 3466
1038 5543
4001 516
135 1837
5599 9689
7701 2551
6401 417
9588 7652
4347 6207
4586 8594
2453 119
796 2222
4180 7680
3524 2895
6039 8858
7522 4756
9374 2801
1729 8394
6130 8482
7644 6434
5153 1741
6080 5667
2441 4012
5763 444
359 4915
7893 2460
9408 5081
4598 3958
2751 4774
8168 5183
4048 6381
5159 8506
5406 7228
8854 4486
1976 8369
6956 9078
4664 2703
6911 7713
7287 9298
1903 8843
1963 1296
7607 980
4627 7952
5487 1360
4437 4335
4005 2582
37 1104
557 4109
1545 7107
5686 1124
7818 602
7759 4432
7262 1384
6427 3723
196 5627
6449 8491
7663 5260
38 5105
9607 2437
543 8163
4076 6642
1154 157
8700 970
1468 5427
8855 2976
4344 1210
5905 9397
1134 1912
1193 6768
5867 9864
4695 609
2000 9778
8315 7970
7581 6923
115 7727
383 1161
3325 9384
7511 1338
9630 484
877 8310
754 8
1957 481
7222 1689
7857 7381
4289 9710
8087 6832
5818 2873
852 1242
2662 1384
401 3050
5121 6807
5941 825
1727 9352
9820 7927
7763 2406
7623 7820
3008 790
4499 4738
1487 6510
5630 3153
5040 1243
8183 3691
1795 9310
2230 6170
9033 3174
4748 4006
5095 3684
8924 1307
1180 9051
9834 6250
5699 6055
8546 9935
2043 5311
5724 916
2692 2846
1855 755
4284 4270
100 5105
668 3366
9517 4298
877 2886
4645 4839
2014 3391
2425 1511
1466 7321
920 1005
310 3471
9111 918
6633 2670
2695 478
8031 9006
8091 6468
5215 1872
1093 3034
907 6745
5793 113
5063 7469
7428 1733
9358 1984
3702 4021
1954 5945
8686 9719
2739 3256
12 2409
7906 2137
5789 3258
1734 1561
58 1946
1679 1768
659 7807
5257 2176
3834 3481
2514 8517
6514 5401
3807 3774
5242 3406
5436 1347
356 9983
7332 2263
572 6336
4880 392
5925 1919
1234 5333
8709 9134
4341 3551
2676 9814
5197 643
7809 4553
2037 2262
326 457
6313 6866
925 3448
1520 9057
5395 4991
9935 1143
2572 5539
6154 1524
7335 4724
8235 8938
6387 3656
4520 9757
3266 5048
945 6921
4349 9929
327 7880
1673 3278
6563 3155
1560 1612
4934 312
2114 6302
7900 1566
4726 4842
983 5957
4796 7235
3177 9249
5133 353
8658 4793
165 5102
1451 9578
1479 7121
6433 3650
65 6913
2983 7258
418 7346
8293 5459
2138 2772
1781 7924
2673 2749
976 2594
9163 3379
2468 9698
1145 7743
9 7707
6115 8862
2708 2672
2454 8394
1755 2492
6632 6168
8267 350
9396 9315
2102 7783
2098 8857
4705 6706
8981 5284
2861 9444
9068 2684
6787 9204
321 1867
790 7724
7174 3586
8372 1280
1922 7994
8349 271
5814 4221
5543 7400
5620 9861
913 6911
242 9077
4695 9888
379 6616
5718 1922
9223 9206
2784 480
8253 2446
1729 5940
5478 9360
1907 7045
1459 8314
7855 1955
7057 9846
517 6096
380 6082
2702 5409
9826 6320
9584 469
8826 8431
3746 7317
9349 906
1377 4493
1923 5647
6978 858
937 9106
2744 7093
2338 9267
7032 2687
1427 1885
3788 685
1891 8753
565 486
7419 6306
3172 2473
2139 562
1802 3093
781 270
9455 3236
5245 9621
5808 5623
6777 5807
9052 2344
2758 4443
530 5020
2228 2009
8531 6439
2530 7865
7181 1221
2900 7588
763 3718
6132 3130
1559 6889
2632 923
5409 5260
131 6202
2613 3555
9533 814
504 1975
5079 9419
2579 609
1610 7490
1123 6887
9904 5396
351 2406
2230 6012
3628 7506
8015 4397
2575 2681
7324 3785
6369 4606
1579 1973
1367 9845
9054 8313
5506 8954
4126 684
8067 1287
5039 8431
6676 9349
245 7001
8532 5171
3607 1331
7313 3701
1924 7381
2298 7391
2291 5377
8197 6338
9823 9965
1167 7093
2963 2551
1202 7272
6114 5013
1468 6293
218 538
1806 6633
2250 7552
9761 8049
9617 594
3328 7656
1689 1544
4994 9808
2117 7817
8262 9311
9254 6892
4533 5308
4964 3376
6242 1946
9723 93
5141 9508
2004 6810
7400 873
1542 6673
4433 9755
5084 6447
7458 1282
5304 5568
8349 8903
5320 3291
2668 7869
6729 1449
800 3602
2074 9004
776 711
7794 7294
6565 9452
1955 1383
7547 2464
7905 2132
3595 871
910 1604
5919 4749
456 4580
6869 5513
342 9581
9023 5686
495 7084
1658 9566
6315 9411
5390 8936
94 8271
2805 2052
8786 5690
7840 4516
819 6449
646 2157
1313 4376
7502 9246
4530 5692
5712 7889
5095 7305
903 1919
5728 2621
2217 1593
1329 8477
3242 3636
3319 5592
1581 7877
7910 9529
2605 2237
3925 1360
1339 3478
1053 8674
1433 4223
3533 6928
5158 8917
3569 2678
6155 6755
7300 4405
7174 6554
5764 147
692 9460
6629 1041
5733 4902
1897 9997
7674 3557
558 5049
9314 410
8200 8476
5670 5688
1473 6600
2305 1661
5838 6443
8596 1400
9780 5226
3577 3194
4347 8427
70 1008
7809 5618
4916 5744
2786 5326
385 5729
6519 4916
3331 4864
1372 3357
7982 5137
983 8396
7672 3826
6981 6018
778 854
1895 7093
9129 2129
2350 5694
743 2207
9874 6771
9444 426
7001 8277
4040 8732
694 2042
4501 8929
2496 2957
3801 7856
7157 6292
4130 2220
927 3346
2293 5606
3765 8462
8352 4150
8357 7157
8046 6938
4465 6700
7515 6381
439 5512
3449 6331
5509 5025
6290 2100
4045 8052
8367 160
6485 5176
4136 9362
9379 8739
5933 5472
6279 7006
1956 7457
1497 854
6052 8408
1220 8517
1378 145
611 5456
2154 6089
9244 610
5584 5746
4570 3946
7351 9383
687 9152
802 6877
7353 7037
3225 219
6180 9611
1934 9356
4209 2123
337 850
8406 7318
2241 8429
2805 438
2436 3820
9873 5830
3320 4179
3167 1543
3466 3885
106 4308
2360 6564
5945 9752
9970 1712
9908 2383
3702 2860
9477 202
7981 9519
3980 7415
2591 8121
8390 2849
846 3596
2302 5859
1090 8046
9476 2883
8160 284
318 413
6625 2096
1260 156
7936 4534
3600 2336
7796 7324
6366 1629
9263 2392
2832 6801
5574 7982
3741 2376
7138 8818
6667 7859
5606 939
3682 1766
6081 6217
5523 1985
9302 7321
5481 2658
395 7062
319 9544
4336 5042
4483 8539
1504 6773
6777 986
2220 8644
6850 2613
8102 2838
6190 8205
8699 1091
2048 3128
8917 8655
7922 4457
1216 7958
4105 1728
2123 1463
7289 9454
1329 182
1212 364
7993 989
95 3628
3146 3682
7950 8911
963 1103
2097 9720
9018 1374
4150 1970
4324 1747
5570 8014
2773 9903
3170 4671
1095 2626
1431 9498
1904 1553
17 3207
751 1624
2923 3133
4088 1313
8888 3294
5521 9014
9771 9982
1403 2067
4573 1658
1461 1744
1755 6518
573 926
2030 1624
5097 303
6592 9091
1541 3674
443 2166
3309 751
3396 7127
5902 8857
9288 9546
6472 1298
8757 4710
7510 5323
9516 89
8225 3148
3926 8587
2498 8968
7813 3857
2343 8661
3548 1331
840 1867
7041 3472
698 5306
3810 6912
99 2113
6550 2587
8319 940
1062 4376
6883 6238
188 6296
1248 8719
6458 980
9850 3848
9261 4404
2554 3965
3 4065
5520 2697
444 6189
6685 9408
622 3010
2240 7681
9691 4633
4304 1947
2854 1436
4185 1779
3875 2141
1434 2242
655 745
6287 2787
7360 7431
2490 3502
3358 6053
9191 6302
9059 2213
8239 6506
9982 692
8542 3410
9966 6268
865 6584
4461 6490
3666 786
5643 9554
2887 8525
7517 3073
7815 420
1942 7172
6574 7281
2404 8039
5043 2994
2910 9041
2136 5536
2205 3374
339 716
248 908
1483 3675
1444 426
228 7812
9403 3294
3982 8935
2205 678
1098 3249
7845 3457
1808 4637
5630 2752
4157 6029
4261 8695
5584 1993
64 1992
6855 3958
1183 2033
8374 4763
754 9508
3896 6513
4076 9257
9064 329
9574 7183
6850 722
1527 1720
86 395
3987 1062
2733 2230
1457 9872
2831 6861
3265 3930
1364 9369
1197 1492
6953 3489
3504 289
4278 5184
4661 5098
6749 586
5873 964
4742 1392
7219 1920
1417 3170
7051 4130
6555 1365
8921 3028
6860 7685
135 252
560 3357
7562 8427
2446 3444
6037 2999
6101 2298
2238 9611
1621 8611
5349 1309
5725 1219
6930 689
5169 2603
9630 6796
2062 3379
3317 2524
3857 4729
7003 6774
6260 6969
861 3119
7739 4781
8857 7087
4751 966
128 7187
7000 4332
874 2258
4176 9106
1515 3651
8821 9358
7925 349
8047 1784
5694 4478
9812 7584
1587 224
7096 3125
3918 377
5529 8675
6628 5682
5194 8941
3265 6746
3245 4236
2248 1532
6823 7526
2374 334
7519 9586
7831 2523
8423 1339
2107 1684
8382 4099
5770 4850
7892 4922
3941 6143
7248 7327
943 6662
287 4150
4364 8344
1150 7531
1736 4369
2746 1894
1451 330
7909 1536
2172 1344
2220 7605
9156 5924
3030 377
9429 5813
4752 2864
378 6427
4759 1193
8625 1589
9702 3626
6678 4869
8545 7218
5761 4154
6144 7803
1235 6063
3680 639
701 7442
822 1853
9522 5656
3190 6315
8302 3023
2739 6558
1526 68
2504 1752
5122 9541
9302 4577
9545 6506
9231 89
7675 6256
1874 9949
293 5557
8952 7192
97 8971
735 9996
9196 3863
7028 2833
588 7305
8199 8557
6225 1505
5353 7044
5578 2208
1769 1618
2844 4573
2975 1191
7759 5257
8841 435
7738 6901
2117 1442
1200 3298
6349 9817
1946 1897
4217 9106
1415 4236
3666 3284
3857 8012
2451 599
2066 7101
437 1238
9767 7687
9355 3829
5988 2191
2139 6005
3224 3781
302 7430
2851 4238
4409 9277
4853 1173
3165 8103
5608 5838
5724 2572
7120 6924
6142 6966
9122 7108
2691 7332
4051 2832
5609 635
6498 2840
3680 3580
5257 2718
9372 5756
6976 2057
6779 976
1075 8709
3784 3815
6614 585
7151 5660
9253 3945
1346 1724
7136 9869
2107 3973
9975 7057
1555 4192
3122 3902
3266 4720
4581 5833
9464 2507
738 6234
443 4921
4319 4352
9186 5722
3113 1700
2002 6429
6809 4843
7878 7007
4502 9471
4613 1568
7899 240
4671 9180
6619 1287
3047 5624
3554 5308
6679 4796
990 8233
1969 2992
3294 782
2290 2634
714 550
3292 631
2419 986
2596 7671
1003 9220
2952 9006
8728 631
9477 232
1909 5661
297 7133
6778 8929
3092 758
3214 430
4116 4479
1098 6279
6449 1613
9183 6025
8086 6961
955 3806
6626 2365
8888 1635
3294 8743
3909 6541
9231 4076
3609 8599
2942 7495
469 7311
7814 5090
5353 5489
3693 8843
3066 1956
2055 2443
2451 3460
1336 3220
4441 3103
1529 6297
9027 2917
4157 8946
970 6345
3155 159
3262 3661
5726 2365
1385 1133
5924 2439
2280 1450
5396 4655
3382 8987
2700 9773
9675 1871
5882 2919
1606 1510
3137 162
7527 6784
9182 6887
7984 9557
4747 8954
9340 3623
8515 2039
8528 4981
4007 9550
8561 6642
9041 657
4007 4149
3480 5435
1409 2258
1379 3139
2793 8953
6017 144
4649 5101
1592 16
798 216
3469 7492
7243 7709
1828 4222
8049 2430
1847 5886
158 4767
9564 3001
212 9818
6530 6124
668 7605
3677 6671
6122 3729
6243 7293
7587 7252
2501 418
4108 6266
3058 1062
2068 4359
8536 5722
8341 960
1804 240
2727 2586
7020 9712
7814 8435
1652 5720
6325 4576
2670 8180
8562 9735
8621 2607
7692 3534
3675 2056
386 7411
449 440
3070 3997
1096 1826
1107 883
1134 1356
8851 2236
6587 8990
1475 8038
8452 201
786 6283
8911 6970
9320 929
3928 878
1548 6225
3700 4600
8185 7259
9620 1265
6434 7959
2620 8623
4131 9807
4132 7305
810 3371
3023 8138
869 9501
9739 8260
6781 590
5304 9752
6452 1337
9980 691
7132 9591
9046 6826
1064 6714
7745 825
5271 9566
1340 3448
2973 940
9368 7184
7812 9329
1745 7405
1748 6526
2592 2388
574 9042
9872 3414
8559 6117
7792 3349
6579 8806
1305 9383
4200 2280
6273 6809
5157 4120
2303 7206
9274 5858
8608 5576
457 5428
520 1678
7638 5651
7293 1631
1516 2397
2993 1181
7552 7727
2654 5021
25 1032
1655 8631
7776 3293
2620 4089
3060 3374
6750 3745
5217 6201
2356 858
1810 670
2238 486
917 1779
1160 7757
1423 3400
8465 4757
5887 6990
3052 9059
695 5411
1926 33
8056 1921
8474 1328
5645 2761
9970 1552
3531 3673
2622 5198
4631 3270
2137 5228
1736 7110
4714 6327
7343 1244
4137 9413
9333 2025
7283 5374
2580 4769
1840 9230
1848 3165
8722 6519
6503 2463
673 987
254 1115
5685 9018
302 8963
6115 249
792 9443
8283 3925
9413 6031
5745 598
4201 2090
1307 7671
5528 1145
2395 3733
9273 7623
5294 4838
3386 6346
1619 8123
7508 5893
1024 8233
8209 6095
9650 4533
7628 9412
7091 926
3000 923
9681 6704
115 968
3660 5141
7387 5795
3552 8463
8226 1496
3316 3556
9279 256
4530 2600
2421 6513
2392 849
823 6065
574 1703
4028 3248
1706 3195
400 4455
9152 2458
2779 6347
542 3537
1862 6423
2086 5747
5451 8281
2189 5433
3020 6491
2404 7001
8200 8773
9509 7595
4153 1185
145 4488
6160 15
7591 3155
837 2682
2487 5532
138 443
7960 4099
7888 5485
2663 2554
5469 7073
49 7022
8684 9330
1667 8551
1364 6843
831 2990
62 2983
6433 6863
2433 1609
19 8719
7696 2574
1439 2703
1751 1072
2355 1858
8562 6349
2297 3259
8879 2567
3767 3131
7268 3965
1093 4650
8980 4953
4621 2579
7342 2203
5400 3605
7334 9991
2998 4358
4057 3082
1806 923
7723 1651
7207 2870
6675 4367
357 4112
1289 5061
1721 2359
3934 3108
9042 9033
8653 5705
4041 2929
17 8805
5356 2433
5896 5487
6504 33
2694 5142
2812 1783
5933 5658
1964 4216
9179 4107
2403 4302
9924 9378
5485 1563
3537 383
7300 1148
4073 6226
2057 8865
6272 9198
2502 1244
9230 1258
2017 9496
7777 3370
499 7052
7573 7710
4809 1232
9954 3817
2507 9359
7015 1477
3676 8622
5094 1398
4466 2316
9471 4780
374 1771
2914 9004
8157 4269
6224 528
9752 7522
5937 1598
8793 7602
2683 6951
968 3045
2577 9266
3701 523
8106 152
3646 5209
7316 977
2563 5729
9624 2463
6664 5750
7520 5832
5995 5918
1846 4890
1430 9912
5199 106
9511 7247
3544 8126
3327 9808
4783 4364
3064 905
4821 4258
1483 1251
5843 392
4896 7522
2619 434
102 1466
6288 8203
2038 772
6073 3230
7508 721
8817 3926
4053 6142
1283 1577
4583 2697
6772 7777
1101 5490
6561 8251
9242 7701
475 131
6497 5704
9856 2688
8602 3376
2348 9387
199 2521
3264 5574
7175 566
1441 1771
4475 2917
340 3250
632 1142
137 7383
5132 2206
6037 9419
3252 6535
3477 9898
910 5690
3280 4350
4346 1424
1292 1874
2278 7797
7251 9240
1130 5550
4647 1567
2417 9773
164 6384
4410 5602
8933 1976
365 8084
2042 7882
8578 6288
1272 5846
7870 7537
913 2309
2719 6577
2870 9062
9659 9567
715 7150
8804 5570
9706 459
1870 4621
9050 2586
2052 3091
5840 7866
9896 5868
8374 9361
9018 5449
9980 3341
6698 8709
3021 7357
609 3596
996 9105
8845 6512
2414 5055
8364 1546
2050 2040
252 4478
3070 762
1199 3346
1539 5047
9172 1872
7684 2406
9876 1833
4346 6968
1835 4077
4252 7582
9176 8265
4813 9370
4230 6416
583 1539
9483 2653
9575 1884
4561 9303
4376 3719
8227 5430
8101 2726
3227 8117
393 8402
5194 4281
7113 528
5607 7617
4261 6673
2779 1855
9322 904
9788 7238
7835 785
569 9091
4338 6481
4149 5393
2897 6025
1016 3896
4526 9326
515 8502
239 8798
4978 7120
5185 4267
7158 9018
6016 1148
52 4966
7522 3973
152 1578
4564 9811
8766 7621
2554 2605
6258 1987
7408 6152
8950 4319
6743 9721
9076 4328
4269 3408
6277 8471
6859 7651
9058 4304
8565 3128
8361 3687
3805 3592
9538 9445
1705 5696
2721 7723
135 5178
3247 5734
1694 7100
4613 6068
374 766
2072 8774
2843 7649
9339 246
5662 9359
3457 5210
3197 2030
1043 5130
2260 8457
49 2719
3507 3888
2588 8204
5457 3871
2595 2386
8386 3005
4860 3998
7974 229
550 5190
6866 1466
5916 9844
6514 1751
397 9809
8351 1172
8473 198
1133 944
6143 687
297 2667
1717 3361
5521 2035
1367 7870
2356 2531
820 2294
6252 6166
2373 4336
7785 3170
2032 8458
4032 7474
2268 6349
9171 5636
4229 5284
8371 949
162 46
179 378
501 8514
7023 5008
4515 5523
2860 8246
1285 628
1618 2009
1598 8845
360 9440
4142 1071
9759 1786
3814 485
2417 1637
3389 6107
8843 9280
6803 4899
1801 963
2532 2774
6353 4573
7647 3320
1395 14
4855 9695
175 1479
6329 5989
2663 1486
8511 8156
2167 230
437 5281
8162 8223
2539 1108
4351 1497
5882 1223
9892 8431
8442 3509
6833 1730
418 1110
8304 7763
6098 1216
6651 1974
2558 5983
3311 8883
4603 1208
9424 4798
2656 2906
1486 1737
4229 5287
3622 6841
2334 2402
9723 7926
9294 1880
8710 6695
5910 8916
4476 2558
1085 7934
1007 1807
6932 8148
4232 4039
618 1052
1091 1162
5038 8472
3547 2429
5283 1899
2312 6534
3449 1995
9878 1889
425 4535
3624 6132
4017 4171
8573 5525
1857 6386
7362 2347
2917 9211
3432 2194
1796 1231
6423 6978
8344 6194
8819 2306
8495 2456
238 5481
7169 2666
2254 8358
4211 4681
1216 5921
8060 6178
8109 626
4726 1363
9532 336
4631 6077
1161 4188
6577 3546
7141 6351
150 3233
2317 4512
8160 567
5215 3339
5487 7257
6522 5439
7924 6551
6981 3927
8175 1651
5604 4651
1972 8682
5494 7271
3011 7522
9282 925
4904 1893
6355 5367
1456 8620
2370 7791
77 4256
915 674
9355 3245
5666 9602
1412 9865
1648 8924
2385 4707
5192 9994
147 5183
151 3865
2417 9729
7436 8909
5458 2887
4107 6563
77 8796
616 2648
3247 6410
707 5576
1005 2753
1519 7385
7723 901
2871 4441
6604 4108
3251 1877
6234 8729
8103 7277
6793 754
8573 7476
8423 6937
133 8924
1718 4841
3705 9025
6478 2638
7654 7044
3325 8074
8152 923
1408 4198
9701 455
6326 3254
7772 8358
7026 8208
879 1114
7970 4366
8959 1562
2719 2706
1096 648
7204 5242
9901 3091
6241 5108
1748 6061
7090 3379
8485 2416
2988 5314
3647 6156
4936 2952
8988 324
5284 3533
4166 3738
7365 7901
2634 632
6001 2651
588 1921
9709 3127
2475 454
8818 4243
7142 61
2661 242
5983 2432
23 834
383 7186
8170 1419
5978 1495
2502 5640
3348 4420
7050 4406
9716 3588
7431 7483
6361 9373
7529 9033
3547 1251
3687 8723
451 5691
5518 4879
4652 4370
6041 8365
5275 8399
6884 1511
8366 3959
1680 6489
738 4416
1449 6034
871 5560
7671 1707
1399 6086
4082 8136
3013 5680
7369 1021
9683 8815
9029 915
1815 8928
537 9308
7854 6637
9821 723
9089 9868
1788 1830
5575 6966
7338 7880
2843 8346
586 851
4543 4354
3438 251
1314 615
4048 4633
5310 4513
8913 9382
869 5169
7281 550
109 9651
5310 1191
1625 8670
8832 138
4027 3454
6612 6913
150 1044
4312 5930
9865 5691
3719 5371
7737 1918
484 6846
1965 4313
3244 5951
7456 4990
1543 2772
2658 9945
2336 7996
2768 6485
6485 6443
1958 8320
1825 1973
626 5580
5720 56
8363 824
3699 5360
3810 6591
6637 437
8439 6191
748 8167
1599 5885
1796 445
1348 9238
9465 5322
7086 1193
995 2337
9393 8612
2343 7611
2647 9484
5956 3527
5199 9697
7274 9489
5446 4465
1202 9205
8757 2875
2506 6518
8330 2647
784 762
6188 164
385 4760
762 9042
1810 6598
515 4434
8191 4716
667 347
6594 5964
5228 5934
3462 4438
795 8203
7148 3511
5565 773
9182 594
3226 1204
9986 3011
1345 106
6674 5311
4988 9113
9882 95
4741 1266
1745 4351
9688 9664
3483 786
7467 5143
862 1528
4092 535
643 9203
6746 8278
2096 2934
7942 4781
9620 6431
6219 8432
2258 615
1500 6084
2130 4727
5645 4877
4964 7757
2485 5157
6743 1359
627 2148
8729 3951
110 8092
4895 5920
8801 4692
4919 7944
7447 2200
1404 2358
1602 9886
8954 1718
883 1932
9747 2339
8197 1945
3234 2509
3451 3985
9693 379
348 5453
5904 610
9707 6498
6312 4326
3468 4072
9213 1905
7251 5118
8563 9314
2447 2269
5394 4311
1496 2538
9893 9646
2597 8367
4289 1896
1985 604
7159 4335
6430 1082
1883 3978
1514 2513
2805 3343
6642 2459
6120 9576
644 3560
4753 681
6169 1523
866 8720
5011 5540
4000 6078
435 2024
5450 8309
799 6766
5467 9667
1138 5972
5746 5006
244 1265
9327 5680
8379 4035
4673 6517
9762 2077
3438 2563
7113 5577
2546 5450
3645 6948
9468 2091
5769 4474
4693 1549
3149 8127
6914 2142
895 3505
1692 3751
8383 9642
5726 2308
8432 506
9023 4002
4515 3588
6817 4857
3781 4344
7193 9644
5693 1137
2432 9166
4047 9263
2345 1592
1140 7640
8068 8553
9053 4586
1810 2141
4502 8437
7194 752
6248 7255
2908 5173
897 9383
7524 5714
7143 1414
3921 5551
9995 7011
3302 5343
3179 6382
1088 4749
1883 3855
1465 1179
8661 1032
3309 583
7710 5736
6587 1263
2667 8881
3486 3350
5443 2509
765 7079
6791 6828
5264 3130
400 1841
1220 4149
5239 5038
4256 5813
8571 5389
3913 6093
4158 6641
211 285
7665 2460
3801 647
3761 9202
4734 3726
2466 9918
2181 9152
315 5379
7806 4214
7906 8501
8531 2905
1994 3657
2002 8679
4938 1995
2651 3158
2448 1663
2732 936
7334 666
7467 3968
1459 8481
8516 8901
7893 5857
8916 8692
1165 8306
1557 2506
220 9926
7386 4418
3837 9878
7902 9116
5266 7951
7496 495
7364 5560
2370 8560
5765 6936
9418 83
8456 1734
1816 6114
7124 176
9617 5180
789 3296
6108 7423
9427 9116
371 825
1927 7789
2348 5835
2683 3139
5928 4480
9665 7014
2347 4892
9783 6223
8526 8872
3305 2121
6738 13
2711 8322
1670 7423
9257 7255
8938 4717
2625 207
4340 6981
6048 7926
3619 2189
5323 8573
5235 816
4271 1152
1633 773
9523 6312
2399 8470
7021 3090
7737 2656
3911 5808
6729 6950
9107 6302
9880 315
221 4631
4886 4304
5680 2809
7885 6170
7404 7031
3137 2391
5799 2318
922 1683
5665 5050
4612 5270
4780 3465
7158 7968
4363 3744
4115 4616
7034 3005
3886 4786
3167 2188
1873 2463
1696 1406
8128 409
918 5191
1625 9727
5792 4072
2190 3277
4970 1420
3015 4991
6990 2358
6929 7288
5484 3307
8492 3998
6663 1916
1028 6105
4032 2743
5597 4924
2967 7437
757 7714
6703 4263
6964 525
2722 1957
839 8619
1972 6168
1422 6074
9916 2561
6866 2126
2001 4041
9419 5232
1313 1266
9265 9657
4855 1758
3394 3407
9758 9999
4531 9999
3377 3822
5850 9052
1989 2432
1852 2646
7290 3941
2386 3519
2285 547
4673 3098
3650 5555
6266 6709
4000 1274
3375 9929
6525 1994
1335 655
3723 1242
5028 2117
2867 9044
2019 3362
8690 1166
868 4934
9313 2219
5499 581
2522 306
405 997
4551 3055
4367 614
6364 4137
1556 7122
3240 116
8693 437
4521 8695
4014 799
414 2401
2407 4231
2080 1352
344 5234
5283 242
784 1540
5977 6743
936 1255
1065 1814
563 7386
2510 200
8825 539
6978 7314
4548 7544
3197 7407
2843 179
9033 1965
989 4532
5576 7094
6160 707
7447 9458
5307 4470
6628 6747
2096 6711
5631 2705
4894 8490
6237 7327
854 4125
5795 3150
1180 561
7729 8872
2449 1801
7820 4176
4943 7089
592 8944
8244 4848
6902 4771
9330 2928
9219 6420
6534 4846
6769 9431
9976 6413
2738 7062
2898 4768
8289 7246
2373 3560
3020 1036
9960 6314
9183 2770
5715 1285
4402 2206
9947 9634
9751 525
7390 7037
1580 8316
6482 547
5240 1295
3320 7436
2435 166
3639 1227
3606 7596
646 9940
6438 1057
6554 78
6075 7083
722 7528
6742 5865
6974 609
8178 8360
5527 2402
2313 4202
363 575
3418 435
2248 6095
1610 9381
5803 4135
9738 6719
25 286
3975 5313
1294 8556
9223 2051
1651 7252
1506 887
150 1796
7679 9981
213 1194
3105 2293
3418 1865
1458 9050
46 5181
1775 1133
5543 9835
4147 1039
500 2813
6856 6627
1131 4620
971 9907
6160 143
7824 4690
2649 6323
7063 5458
495 1067
9181 5559
8776 5994
2821 4940
1507 6814
1368 3828
5827 1008
1451 7043
9104 2921
7697 9807
8138 1320
5904 4017
639 6913
680 1136
2767 9191
145 4928
5855 6237
6084 5111
9147 9178
1517 1504
7391 5835
2991 2324
279 510
8505 8517
533 5340
1576 6109
1203 806
221 5047
8521 4835
288 6075
3922 8344
9589 6896
4507 6410
126 9581
667 5040
7633 4976
2729 876
8940 691
2106 8604
5478 7612
2058 3052
4967 469
9869 2638
2362 2027
902 6668
1026 1802
7416 6365
1372 7160
4476 7847
3476 4049
9058 4613
9034 8884
8523 1593
8437 6683
7941 194
1384 4848
4152 7297
4037 8110
8802 9321
2384 4055
8686 8966
4198 2597
6907 479
3709 7122
1449 2302
9068 7275
2390 3568
9663 7890
7275 8664
4868 8339
1233 2057
4714 2506
6024 3108
4651 9635
7784 9694
8118 3057
8745 3766
802 6419
8401 2550
1968 6548
8156 2551
161 2771
6625 9450
8472 6723
2994 3796
1312 9075
548 3913
1105 9536
8384 6541
6831 3161
6184 2774
7940 6563
6686 9670
6000 446
5794 4617
990 2504
6059 698
3544 7729
2841 2746
8797 2943
5656 9715
546 7059
2342 121
8439 6651
3448 4675
7532 489
4026 7753
3539 4932
2391 6302
1879 1069
5336 592
1694 4885
2592 1565
4635 1325
4471 3049
3447 2478
6740 173
6737 9675
5425 1378
7907 5699
9402 5615
3399 5403
3686 158
9914 4124
8938 1541
2992 3896
8394 9028
1080 1955
2225 8235
3009 9183
5602 126
4077 5785
6464 9947
6517 755
6491 9627
6781 5825
5932 5720
8010 5367
9892 1230
5377 162
912 7060
5281 6519
4223 1421
1156 2042
9862 5882
3474 3376
4372 3922
8423 4454
6546 2069
678 6115
1821 381
2878 7307
4232 5143
9100 9830
5259 1312
8785 1904
7168 19
1621 4674
4432 5602
5547 9074
4681 2403
2231 726
2339 7949
3694 142
211 3362
4173 2483
5583 2096
1789 7723
4228 2291
1333 7454
7524 925
2304 3805
2532 4137
7345 1618
2981 7884
116 9811
128 3949
7943 8971
6184 4198
4249 106
1115 4443
9953 8571
9833 7867
7954 247
1816 2133
1838 585
4007 5229
3113 3153
562 4158
1951 9821
1718 5378
9576 1077
2853 8768
666 597
9403 3766
6688 1665
5490 1416
6827 7843
3443 9895
6358 889
4398 5124
1902 6317
5452 1255
5537 5605
6323 316
1862 9900
7610 6445
9182 8064
8238 7830
7385 1774
6148 2388
924 7738
7231 1408
3297 1908
5940 8859
9760 1255
3645 5513
9741 8196
6651 1747
610 8575
6383 6632
430 2760
7210 245
1966 8796
8708 357
315 652
2922 1513
2948 4079
44 5339
3101 9892
1974 9008
7000 251
7196 3036
500 677
5819 250
979 6152
510 925
7936 7447
7727 7185
2576 8593
9886 4901
296 1833
6887 3389
6528 2039
831 5154
5831 1837
5775 301
7463 7916
8660 6756
6250 1271
758 4324
7068 4184
5511 9264
1587 3299
1487 1241
669 3912
6134 8271
633 9132
2017 1510
4281 5802
8001 1053
3541 2533
9464 1803
6612 4354
1453 1226
5991 100
9922 2328
5382 2424
1396 8748
1055 5026
7634 6566
9212 1271
1618 2763
1557 2813
7409 2943
1061 6848
1465 9795
7985 454
280 9985
7687 2501
6655 2021
8419 339
8584 8335
2968 2382
7979 7495
7405 7630
5970 7488
1717 24
5403 4464
1924 5124
2815 7694
3343 7793
7105 861
2307 3287
585 1496
7240 8125
2385 8510
9159 540
9903 8289
4650 2244
9973 4649
1396 4253
4181 7438
545 7889
9129 8790
1358 4761
338 3180
5372 4085
2303 290
4881 703
5089 7624
5136 2594
8269 1085
7994 6775
4929 5
4101 4720
4666 379
5180 5561
6773 25
3063 4348
7636 8343
5340 6868
1668 5920
1942 8468
5949 2379
9941 6056
6393 8760
1782 108
4361 2857
1637 1564
4292 7011
2768 8124
5313 8645
8910 3129
8904 3497
2719 8319
4500 5048
4581 1341
9147 2611
3924 2054
2897 7983
9718 4681
6681 8241
899 7699
3294 1802
9263 1107
9281 1940
8179 3599
8372 6126
8592 517
8086 741
738 7716
7568 9092
3954 6220
240 4588
2734 1555
2275 679
7837 8362
8793 1274
6749 5231
5363 5849
4208 6356
8000 2064
5639 7888
105 8831
8237 3269
4185 4821
9959 1586
3425 4449
2490 9833
1995 3364
333 979
9181 7835
7617 867
7920 6012
6910 937
5138 6718
3968 4712
1977 4830
6531 569
9977 8255
474 5073
7720 674
2694 1809
1855 3351
8917 8652
9347 9555
1992 2703
214 3378
6538 6876
8840 9710
5038 4807
1457 9920
5736 21
9556 5095
15 8513
8956 2455
7633 9905
8794 644
5639 328
2450 1823
8891 3902
2354 3952
9064 9165
709 3957
1776 5821
2519 4265
9796 6274
6362 9224
9167 5348
6968 6818
1331 2496
9514 7743
1737 2653
5400 1714
7731 225
8002 8609
533 6021
3422 4755
7907 5639
7507 2779
7436 6350
1206 4516
8696 3763
3395 9422
9773 2974
1102 6904
9032 590
7322 8686
1738 189
5114 8277
6753 6339
2806 4548
7818 9131
2848 9269
3731 8531
648 1309
4549 791
573 7176
4258 6832
7605 3561
1067 7161
126 1360
6677 6467
5093 876
7981 3066
